	16.0	17.0	18.0	19.0	20.0	21.0	22.0	23.0	24.0	25.0	26.0	27.0	28.0	29.0	30.0	31.0	32.0	33.0	34.0	35.0	36.0	37.0
SRR17866817_1	1.0	3.0	11.0	17.0	70.0	303.0	855.0	3025.0	7526.0	18874.0	39984.0	74119.0	129205.0	204893.0	296255.0	434761.0	563263.0	874019.0	1177741.0	2659957.0	11453018.0	10001815.0
	17.0	18.0	19.0	20.0	21.0	22.0	23.0	24.0	25.0	26.0	27.0	28.0	29.0	30.0	31.0	32.0	33.0	34.0	35.0	36.0	37.0
SRR17866817_1_val_1	3.0	6.0	10.0	45.0	176.0	643.0	2308.0	6443.0	16270.0	36509.0	70671.0	122306.0	201170.0	293695.0	425490.0	578064.0	843214.0	1224794.0	2587131.0	11441529.0	10054097.0
	11.0	12.0	13.0	14.0	15.0	16.0	17.0	18.0	19.0	20.0	21.0	22.0	23.0	24.0	25.0	26.0	27.0	28.0	29.0	30.0	31.0	32.0	33.0	34.0	35.0	36.0	37.0
SRR17866817_2	27.0	381.0	1190.0	1971.0	2406.0	2546.0	3237.0	4029.0	5976.0	10252.0	17317.0	29545.0	49936.0	68722.0	104303.0	136374.0	175574.0	229108.0	294395.0	378340.0	514391.0	663113.0	1041434.0	1507143.0	3982261.0	12308380.0	6407364.0
	11.0	12.0	13.0	14.0	15.0	16.0	17.0	18.0	19.0	20.0	21.0	22.0	23.0	24.0	25.0	26.0	27.0	28.0	29.0	30.0	31.0	32.0	33.0	34.0	35.0	36.0	37.0
SRR17866817_2_val_2	1.0	27.0	126.0	323.0	576.0	880.0	1372.0	2259.0	3986.0	7807.0	14633.0	26430.0	45506.0	66276.0	98023.0	133686.0	174982.0	222817.0	295052.0	378936.0	505661.0	681732.0	1004644.0	1582367.0	3870777.0	12342425.0	6443270.0
	17.0	18.0	19.0	20.0	21.0	22.0	23.0	24.0	25.0	26.0	27.0	28.0	29.0	30.0	31.0	32.0	33.0	34.0	35.0	36.0	37.0
SRR17866818_1	2.0	11.0	12.0	46.0	218.0	669.0	2261.0	5595.0	14547.0	30548.0	57779.0	101032.0	158442.0	230774.0	335703.0	431017.0	662878.0	890622.0	2056602.0	8711211.0	7297806.0
	18.0	19.0	20.0	21.0	22.0	23.0	24.0	25.0	26.0	27.0	28.0	29.0	30.0	31.0	32.0	33.0	34.0	35.0	36.0	37.0
SRR17866818_1_val_1	6.0	4.0	30.0	126.0	482.0	1762.0	4805.0	12378.0	27835.0	55030.0	95192.0	155803.0	229132.0	328728.0	441739.0	639651.0	924817.0	2000296.0	8703958.0	7332151.0
	11.0	12.0	13.0	14.0	15.0	16.0	17.0	18.0	19.0	20.0	21.0	22.0	23.0	24.0	25.0	26.0	27.0	28.0	29.0	30.0	31.0	32.0	33.0	34.0	35.0	36.0	37.0
SRR17866818_2	13.0	269.0	865.0	1654.0	2014.0	2243.0	2678.0	3305.0	4953.0	8041.0	13417.0	22698.0	39097.0	54596.0	83013.0	109683.0	142479.0	187579.0	239984.0	307986.0	418981.0	543632.0	865285.0	1294667.0	3450863.0	9320488.0	3867292.0
	12.0	13.0	14.0	15.0	16.0	17.0	18.0	19.0	20.0	21.0	22.0	23.0	24.0	25.0	26.0	27.0	28.0	29.0	30.0	31.0	32.0	33.0	34.0	35.0	36.0	37.0
SRR17866818_2_val_2	16.0	83.0	239.0	472.0	711.0	1184.0	1894.0	3361.0	6059.0	11314.0	20487.0	35457.0	52061.0	77780.0	107583.0	142204.0	181578.0	240828.0	307421.0	412139.0	559003.0	833472.0	1361395.0	3349783.0	9352203.0	3895198.0
	17.0	18.0	19.0	20.0	21.0	22.0	23.0	24.0	25.0	26.0	27.0	28.0	29.0	30.0	31.0	32.0	33.0	34.0	35.0	36.0	37.0
SRR17866819_1	2.0	4.0	34.0	82.0	310.0	949.0	3250.0	8080.0	19624.0	40335.0	73684.0	126320.0	196279.0	284049.0	414070.0	531875.0	821520.0	1102126.0	2502107.0	10894441.0	9833533.0
	17.0	18.0	19.0	20.0	21.0	22.0	23.0	24.0	25.0	26.0	27.0	28.0	29.0	30.0	31.0	32.0	33.0	34.0	35.0	36.0	37.0
SRR17866819_1_val_1	2.0	1.0	15.0	43.0	206.0	676.0	2571.0	6966.0	16939.0	36895.0	70751.0	119863.0	193527.0	282137.0	405122.0	546935.0	791166.0	1151460.0	2433115.0	10886186.0	9883830.0
	11.0	12.0	13.0	14.0	15.0	16.0	17.0	18.0	19.0	20.0	21.0	22.0	23.0	24.0	25.0	26.0	27.0	28.0	29.0	30.0	31.0	32.0	33.0	34.0	35.0	36.0	37.0
SRR17866819_2	30.0	310.0	1018.0	1886.0	2248.0	2325.0	2853.0	3442.0	4938.0	8200.0	14108.0	24005.0	41107.0	57430.0	86715.0	114164.0	147524.0	193697.0	250381.0	324030.0	447778.0	583577.0	922692.0	1338900.0	3536324.0	11638291.0	7104701.0
	12.0	13.0	14.0	15.0	16.0	17.0	18.0	19.0	20.0	21.0	22.0	23.0	24.0	25.0	26.0	27.0	28.0	29.0	30.0	31.0	32.0	33.0	34.0	35.0	36.0	37.0
SRR17866819_2_val_2	16.0	125.0	295.0	511.0	789.0	1229.0	1869.0	3232.0	6169.0	11689.0	21356.0	37398.0	54963.0	81490.0	111708.0	147340.0	188186.0	251010.0	324346.0	439894.0	600145.0	889381.0	1403544.0	3438112.0	11667527.0	7146082.0
	16.0	17.0	18.0	19.0	20.0	21.0	22.0	23.0	24.0	25.0	26.0	27.0	28.0	29.0	30.0	31.0	32.0	33.0	34.0	35.0	36.0	37.0
SRR17866820_1	2.0	1.0	6.0	25.0	104.0	342.0	1171.0	3683.0	9115.0	22058.0	44847.0	81781.0	140540.0	217618.0	311732.0	451377.0	572706.0	868927.0	1153178.0	2695093.0	12182813.0	10474471.0
	17.0	18.0	19.0	20.0	21.0	22.0	23.0	24.0	25.0	26.0	27.0	28.0	29.0	30.0	31.0	32.0	33.0	34.0	35.0	36.0	37.0
SRR17866820_1_val_1	1.0	3.0	13.0	71.0	223.0	852.0	2971.0	7849.0	19249.0	41072.0	78465.0	133092.0	214860.0	309957.0	441601.0	588436.0	839630.0	1200978.0	2623985.0	12166942.0	10525727.0
	11.0	12.0	13.0	14.0	15.0	16.0	17.0	18.0	19.0	20.0	21.0	22.0	23.0	24.0	25.0	26.0	27.0	28.0	29.0	30.0	31.0	32.0	33.0	34.0	35.0	36.0	37.0
SRR17866820_2	33.0	352.0	1161.0	2028.0	2522.0	2528.0	2971.0	3383.0	5179.0	8569.0	14810.0	25525.0	44029.0	62182.0	95533.0	125580.0	162305.0	210651.0	267397.0	340158.0	464255.0	598797.0	948507.0	1387100.0	3694948.0	12827428.0	7933659.0
	11.0	12.0	13.0	14.0	15.0	16.0	17.0	18.0	19.0	20.0	21.0	22.0	23.0	24.0	25.0	26.0	27.0	28.0	29.0	30.0	31.0	32.0	33.0	34.0	35.0	36.0	37.0
SRR17866820_2_val_2	1.0	33.0	96.0	315.0	581.0	812.0	1162.0	1905.0	3429.0	6488.0	12321.0	22805.0	39675.0	59253.0	89160.0	122269.0	160786.0	203659.0	267908.0	340049.0	455007.0	616357.0	913182.0	1456494.0	3588122.0	12852101.0	7982007.0
	16.0	17.0	18.0	19.0	20.0	21.0	22.0	23.0	24.0	25.0	26.0	27.0	28.0	29.0	30.0	31.0	32.0	33.0	34.0	35.0	36.0	37.0
SRR17866821_1	1.0	2.0	14.0	45.0	170.0	604.0	1934.0	6316.0	14410.0	32431.0	63650.0	110429.0	187319.0	294799.0	441077.0	676933.0	947606.0	1648632.0	2744645.0	7559725.0	10209876.0	1434857.0
	16.0	17.0	18.0	19.0	20.0	21.0	22.0	23.0	24.0	25.0	26.0	27.0	28.0	29.0	30.0	31.0	32.0	33.0	34.0	35.0	36.0	37.0
SRR17866821_1_val_1	1.0	0.0	10.0	27.0	96.0	424.0	1453.0	5092.0	12678.0	28665.0	58864.0	107652.0	178418.0	291343.0	439183.0	663965.0	973875.0	1589515.0	2874449.0	7359742.0	10304830.0	1456978.0
	11.0	12.0	13.0	14.0	15.0	16.0	17.0	18.0	19.0	20.0	21.0	22.0	23.0	24.0	25.0	26.0	27.0	28.0	29.0	30.0	31.0	32.0	33.0	34.0	35.0	36.0	37.0
SRR17866821_2	18.0	258.0	1040.0	1850.0	2143.0	2188.0	2387.0	2616.0	3529.0	4675.0	6556.0	9650.0	14950.0	19935.0	29761.0	40545.0	56359.0	80064.0	114237.0	164418.0	250789.0	363717.0	640460.0	1048588.0	3232354.0	12233198.0	8049190.0
	12.0	13.0	14.0	15.0	16.0	17.0	18.0	19.0	20.0	21.0	22.0	23.0	24.0	25.0	26.0	27.0	28.0	29.0	30.0	31.0	32.0	33.0	34.0	35.0	36.0	37.0
SRR17866821_2_val_2	19.0	118.0	292.0	493.0	726.0	986.0	1374.0	2212.0	3460.0	5386.0	8506.0	13348.0	18765.0	27519.0	39030.0	55165.0	76895.0	113726.0	162694.0	246114.0	372718.0	616213.0	1099334.0	3139629.0	12250302.0	8092236.0
	14.0	15.0	16.0	17.0	18.0	19.0	20.0	21.0	22.0	23.0	24.0	25.0	26.0	27.0	28.0	29.0	30.0	31.0	32.0	33.0	34.0	35.0	36.0	37.0
SRR17866822_1	1.0	1.0	1.0	3.0	13.0	37.0	181.0	621.0	2054.0	6603.0	14418.0	31102.0	58188.0	96391.0	154553.0	234311.0	337115.0	505228.0	677590.0	1108246.0	1693808.0	4929333.0	10822501.0	2630005.0
	14.0	15.0	16.0	17.0	18.0	19.0	20.0	21.0	22.0	23.0	24.0	25.0	26.0	27.0	28.0	29.0	30.0	31.0	32.0	33.0	34.0	35.0	36.0	37.0
SRR17866822_1_val_1	1.0	0.0	1.0	1.0	4.0	28.0	103.0	425.0	1634.0	5291.0	12674.0	27822.0	53989.0	93827.0	148149.0	231423.0	336184.0	494890.0	695634.0	1071358.0	1767770.0	4803459.0	10869873.0	2660215.0
	11.0	12.0	13.0	14.0	15.0	16.0	17.0	18.0	19.0	20.0	21.0	22.0	23.0	24.0	25.0	26.0	27.0	28.0	29.0	30.0	31.0	32.0	33.0	34.0	35.0	36.0	37.0
SRR17866822_2	13.0	203.0	825.0	1631.0	1973.0	2046.0	2372.0	2753.0	3455.0	5056.0	7806.0	11804.0	19341.0	25735.0	38241.0	50239.0	65074.0	87407.0	116967.0	160579.0	237757.0	337075.0	588792.0	950393.0	2870347.0	10719733.0	6994687.0
	11.0	12.0	13.0	14.0	15.0	16.0	17.0	18.0	19.0	20.0	21.0	22.0	23.0	24.0	25.0	26.0	27.0	28.0	29.0	30.0	31.0	32.0	33.0	34.0	35.0	36.0	37.0
SRR17866822_2_val_2	2.0	18.0	101.0	260.0	467.0	728.0	1032.0	1464.0	2212.0	3699.0	6228.0	10452.0	17220.0	24376.0	35295.0	48379.0	64283.0	83711.0	116582.0	158980.0	232438.0	346557.0	565257.0	997948.0	2785599.0	10735480.0	7035987.0
	18.0	19.0	20.0	21.0	22.0	23.0	24.0	25.0	26.0	27.0	28.0	29.0	30.0	31.0	32.0	33.0	34.0	35.0	36.0	37.0
SRR27320655_1	6.0	18.0	110.0	393.0	1336.0	4181.0	9804.0	23668.0	44454.0	89065.0	143773.0	247716.0	361560.0	535521.0	776845.0	1069451.0	1718415.0	4434843.0	9269992.0	951503.0
	18.0	19.0	20.0	21.0	22.0	23.0	24.0	25.0	26.0	27.0	28.0	29.0	30.0	31.0	32.0	33.0	34.0	35.0	36.0	37.0
SRR27320655_1_val_1	2.0	4.0	65.0	289.0	970.0	3396.0	8524.0	20610.0	41959.0	82311.0	141721.0	237668.0	360603.0	533350.0	761783.0	1095696.0	1679868.0	4405495.0	9321994.0	961209.0
	11.0	12.0	13.0	14.0	15.0	16.0	17.0	18.0	19.0	20.0	21.0	22.0	23.0	24.0	25.0	26.0	27.0	28.0	29.0	30.0	31.0	32.0	33.0	34.0	35.0	36.0	37.0
SRR27320655_2	17.0	139.0	542.0	979.0	1410.0	1774.0	2555.0	3672.0	6093.0	9820.0	17910.0	26691.0	46545.0	62539.0	98666.0	124982.0	184803.0	231986.0	326961.0	421025.0	579224.0	834639.0	1199845.0	2056121.0	4979500.0	7967290.0	496926.0
	11.0	12.0	13.0	14.0	15.0	16.0	17.0	18.0	19.0	20.0	21.0	22.0	23.0	24.0	25.0	26.0	27.0	28.0	29.0	30.0	31.0	32.0	33.0	34.0	35.0	36.0	37.0
SRR27320655_2_val_2	3.0	15.0	74.0	219.0	432.0	712.0	1292.0	2233.0	4297.0	8147.0	15132.0	24611.0	43023.0	60228.0	93151.0	125243.0	176015.0	234324.0	318168.0	422964.0	578813.0	817369.0	1230826.0	2008089.0	4952027.0	8035898.0	504212.0
	18.0	19.0	20.0	21.0	22.0	23.0	24.0	25.0	26.0	27.0	28.0	29.0	30.0	31.0	32.0	33.0	34.0	35.0	36.0	37.0
SRR27320656_1	2.0	26.0	142.0	657.0	2037.0	6304.0	14159.0	32708.0	58365.0	113258.0	180431.0	310786.0	456563.0	678103.0	978481.0	1329388.0	2113523.0	5358832.0	15067497.0	2332045.0
	18.0	19.0	20.0	21.0	22.0	23.0	24.0	25.0	26.0	27.0	28.0	29.0	30.0	31.0	32.0	33.0	34.0	35.0	36.0	37.0
SRR27320656_1_val_1	2.0	21.0	76.0	440.0	1561.0	5092.0	12410.0	28716.0	55582.0	104871.0	177795.0	298665.0	455726.0	674976.0	960802.0	1363974.0	2064401.0	5323376.0	15121932.0	2348057.0
	10.0	11.0	12.0	13.0	14.0	15.0	16.0	17.0	18.0	19.0	20.0	21.0	22.0	23.0	24.0	25.0	26.0	27.0	28.0	29.0	30.0	31.0	32.0	33.0	34.0	35.0	36.0	37.0
SRR27320656_2	1.0	14.0	161.0	669.0	1207.0	1689.0	2039.0	2839.0	4305.0	7988.0	13996.0	26864.0	40582.0	69591.0	88893.0	135837.0	167293.0	242899.0	299734.0	418255.0	530490.0	722112.0	1019254.0	1449991.0	2490094.0	6516404.0	13461378.0	1318728.0
	12.0	13.0	14.0	15.0	16.0	17.0	18.0	19.0	20.0	21.0	22.0	23.0	24.0	25.0	26.0	27.0	28.0	29.0	30.0	31.0	32.0	33.0	34.0	35.0	36.0	37.0
SRR27320656_2_val_2	8.0	71.0	242.0	440.0	788.0	1436.0	2727.0	5641.0	11574.0	22692.0	37686.0	64272.0	86366.0	128219.0	168066.0	232158.0	302680.0	406682.0	533947.0	720762.0	999568.0	1486948.0	2431041.0	6473960.0	13547890.0	1332611.0
	16.0	17.0	18.0	19.0	20.0	21.0	22.0	23.0	24.0	25.0	26.0	27.0	28.0	29.0	30.0	31.0	32.0	33.0	34.0	35.0	36.0	37.0
SRR27320657_1	1.0	1.0	6.0	35.0	173.0	734.0	2278.0	7289.0	17210.0	40859.0	75991.0	151389.0	245853.0	425590.0	627995.0	938222.0	1362044.0	1870269.0	3007804.0	7859259.0	20901377.0	2947449.0
	18.0	19.0	20.0	21.0	22.0	23.0	24.0	25.0	26.0	27.0	28.0	29.0	30.0	31.0	32.0	33.0	34.0	35.0	36.0	37.0
SRR27320657_1_val_1	2.0	16.0	109.0	496.0	1726.0	5906.0	14782.0	35728.0	71422.0	140043.0	241954.0	408578.0	626729.0	933173.0	1339411.0	1914853.0	2943848.0	7807456.0	20969584.0	2967020.0
	7.0	8.0	9.0	10.0	11.0	12.0	13.0	14.0	15.0	16.0	17.0	18.0	19.0	20.0	21.0	22.0	23.0	24.0	25.0	26.0	27.0	28.0	29.0	30.0	31.0	32.0	33.0	34.0	35.0	36.0	37.0
SRR27320657_2	1.0	0.0	0.0	0.0	33.0	288.0	1164.0	2137.0	3173.0	3654.0	5031.0	7095.0	12030.0	19735.0	37054.0	55295.0	95828.0	127136.0	200966.0	251523.0	371012.0	458307.0	640553.0	809588.0	1093985.0	1539807.0	2168355.0	3680950.0	9364278.0	17515222.0	2017628.0
	11.0	12.0	13.0	14.0	15.0	16.0	17.0	18.0	19.0	20.0	21.0	22.0	23.0	24.0	25.0	26.0	27.0	28.0	29.0	30.0	31.0	32.0	33.0	34.0	35.0	36.0	37.0
SRR27320657_2_val_2	2.0	40.0	183.0	520.0	991.0	1585.0	2601.0	4582.0	8730.0	16412.0	31729.0	50837.0	89035.0	122533.0	188571.0	250983.0	351881.0	461841.0	622899.0	813670.0	1093387.0	1506917.0	2229108.0	3590766.0	9306230.0	17638376.0	2038427.0
	17.0	18.0	19.0	20.0	21.0	22.0	23.0	24.0	25.0	26.0	27.0	28.0	29.0	30.0	31.0	32.0	33.0	34.0	35.0	36.0	37.0
SRR27320658_1	1.0	4.0	23.0	109.0	503.0	1577.0	5138.0	11675.0	28525.0	53157.0	108486.0	176395.0	305910.0	448984.0	662966.0	957873.0	1303162.0	2073552.0	5219573.0	12995691.0	1760115.0
	18.0	19.0	20.0	21.0	22.0	23.0	24.0	25.0	26.0	27.0	28.0	29.0	30.0	31.0	32.0	33.0	34.0	35.0	36.0	37.0
SRR27320658_1_val_1	2.0	11.0	71.0	333.0	1198.0	4133.0	10348.0	25014.0	50412.0	100059.0	174597.0	293721.0	448628.0	660500.0	940030.0	1336872.0	2026212.0	5185576.0	13053367.0	1773978.0
	11.0	12.0	13.0	14.0	15.0	16.0	17.0	18.0	19.0	20.0	21.0	22.0	23.0	24.0	25.0	26.0	27.0	28.0	29.0	30.0	31.0	32.0	33.0	34.0	35.0	36.0	37.0
SRR27320658_2	16.0	190.0	779.0	1447.0	2017.0	2474.0	3469.0	5072.0	9092.0	15348.0	29698.0	44023.0	75280.0	97377.0	149464.0	183445.0	262200.0	318227.0	439520.0	551983.0	741954.0	1044658.0	1483350.0	2522633.0	6381020.0	11044258.0	704425.0
	11.0	12.0	13.0	14.0	15.0	16.0	17.0	18.0	19.0	20.0	21.0	22.0	23.0	24.0	25.0	26.0	27.0	28.0	29.0	30.0	31.0	32.0	33.0	34.0	35.0	36.0	37.0
SRR27320658_2_val_2	2.0	15.0	100.0	312.0	573.0	921.0	1721.0	3164.0	6394.0	12812.0	25124.0	41217.0	69862.0	94810.0	140844.0	184778.0	250836.0	323656.0	428572.0	556157.0	743222.0	1023531.0	1523189.0	2466710.0	6340757.0	11131643.0	714140.0
	16.0	17.0	18.0	19.0	20.0	21.0	22.0	23.0	24.0	25.0	26.0	27.0	28.0	29.0	30.0	31.0	32.0	33.0	34.0	35.0	36.0	37.0
SRR27320659_1	2.0	2.0	10.0	38.0	135.0	611.0	2041.0	6457.0	14692.0	34939.0	63506.0	125060.0	197842.0	333162.0	478233.0	691686.0	979269.0	1313828.0	2065884.0	5221424.0	12186984.0	1527305.0
	18.0	19.0	20.0	21.0	22.0	23.0	24.0	25.0	26.0	27.0	28.0	29.0	30.0	31.0	32.0	33.0	34.0	35.0	36.0	37.0
SRR27320659_1_val_1	3.0	20.0	81.0	410.0	1559.0	5060.0	12738.0	30262.0	60393.0	115293.0	195532.0	320017.0	477505.0	688664.0	962567.0	1346336.0	2019315.0	5187766.0	12240021.0	1539609.0
	11.0	12.0	13.0	14.0	15.0	16.0	17.0	18.0	19.0	20.0	21.0	22.0	23.0	24.0	25.0	26.0	27.0	28.0	29.0	30.0	31.0	32.0	33.0	34.0	35.0	36.0	37.0
SRR27320659_2	36.0	179.0	660.0	1231.0	1805.0	2324.0	3571.0	4939.0	9034.0	14343.0	26974.0	40098.0	67451.0	86773.0	133685.0	163398.0	236074.0	286993.0	396926.0	498807.0	674497.0	954327.0	1365054.0	2350052.0	6038453.0	11126807.0	758619.0
	11.0	12.0	13.0	14.0	15.0	16.0	17.0	18.0	19.0	20.0	21.0	22.0	23.0	24.0	25.0	26.0	27.0	28.0	29.0	30.0	31.0	32.0	33.0	34.0	35.0	36.0	37.0
SRR27320659_2_val_2	1.0	20.0	91.0	267.0	561.0	933.0	1780.0	3093.0	6231.0	11715.0	22776.0	36932.0	62393.0	83980.0	125523.0	163575.0	224456.0	290602.0	385878.0	501380.0	674483.0	934869.0	1402432.0	2294529.0	6000058.0	11206030.0	768563.0
	18.0	19.0	20.0	21.0	22.0	23.0	24.0	25.0	26.0	27.0	28.0	29.0	30.0	31.0	32.0	33.0	34.0	35.0	36.0	37.0
SRR27320660_1	3.0	11.0	73.0	296.0	929.0	3016.0	7053.0	17634.0	33519.0	68897.0	116409.0	204266.0	305078.0	463437.0	674506.0	931119.0	1491692.0	3786687.0	9881261.0	1415935.0
	18.0	19.0	20.0	21.0	22.0	23.0	24.0	25.0	26.0	27.0	28.0	29.0	30.0	31.0	32.0	33.0	34.0	35.0	36.0	37.0
SRR27320660_1_val_1	1.0	5.0	51.0	201.0	688.0	2342.0	6046.0	15219.0	31935.0	63284.0	114045.0	195969.0	304255.0	460270.0	662100.0	953659.0	1457842.0	3762943.0	9920415.0	1426316.0
	11.0	12.0	13.0	14.0	15.0	16.0	17.0	18.0	19.0	20.0	21.0	22.0	23.0	24.0	25.0	26.0	27.0	28.0	29.0	30.0	31.0	32.0	33.0	34.0	35.0	36.0	37.0
SRR27320660_2	15.0	93.0	384.0	739.0	1072.0	1322.0	1907.0	2823.0	4923.0	7663.0	14659.0	21286.0	37080.0	49376.0	78992.0	100640.0	151576.0	191105.0	273131.0	354257.0	489816.0	701152.0	1003852.0	1727744.0	4500169.0	8738150.0	947895.0
	12.0	13.0	14.0	15.0	16.0	17.0	18.0	19.0	20.0	21.0	22.0	23.0	24.0	25.0	26.0	27.0	28.0	29.0	30.0	31.0	32.0	33.0	34.0	35.0	36.0	37.0
SRR27320660_2_val_2	19.0	42.0	177.0	297.0	517.0	974.0	1756.0	3410.0	6246.0	12214.0	19611.0	34013.0	47525.0	73826.0	100825.0	143953.0	193303.0	265381.0	356032.0	488566.0	687416.0	1030697.0	1687028.0	4470562.0	8796250.0	956946.0

