	1	2	3	4	5	6	7	8	9	10	11	12	13	14	15	16	17	18	19	20	21	22	23	24	25	26	27	28	29	30	31	32	33	34	35	36	37	38	39	40	41	42	43	44	45	46	47	48	49	50	51	52	53	54	55	56	57
SRR17866817_1	0.004617083603036036	0.12515159871888457	0.0	0.0	0.0	0.00015032365219187096	0.0007551973955353517	1.0737403727990782e-05	0.0	0.0	0.0	0.0	0.0	7.158269151993855e-06	4.294961491196313e-05	0.00012169057558389554	0.0	0.0	6.44244223679447e-05	0.0	0.0	0.00022906461286380337	0.0	5.726615321595084e-05	0.0	1.789567287998464e-05	1.0737403727990782e-05	3.5791345759969276e-06	3.5791345759969276e-06	3.9370480335966203e-05	0.0	0.000891204509423235	7.158269151993855e-06	0.0003364386501437112	0.0	0.0	0.0	0.0	0.0004545500911516098	0.0	3.9370480335966203e-05	0.0	0.0	0.00021116893998381872	0.0	0.0	0.0	5.01085297065734e-05	0.0	0.0	0.0	6.084893789431678e-05	0.0	0.0	4.760229963047799e-05	0.0	0.0
	1	2	3	4	5	6	7	8	9	10	11	12	13	14	15	16	17	18	19	20	21	22	23	24	25	26	27	28	29	30	31	32	33	34	35	36	37	38	39	40	41	42	43	44	45	46	47	48	49	50	51	52	53	54	55	56	57
SRR17866817_1_val_1	0.004619314381936094	0.12513719077023	0.0	0.0	0.0	0.00015051295891490763	0.0007489811526956118	1.0750925636779116e-05	0.0	0.0	0.0	0.0	0.0	7.167283757852745e-06	4.3003702547116465e-05	0.00012184382388349666	0.0	0.0	6.45055538206747e-05	0.0	0.0	0.0002293550364359145	0.0	5.733926049269046e-05	0.0	1.791869228523605e-05	1.0751295127889344e-05	3.5837957385514925e-06	3.5838164168537564e-06	3.942222924176825e-05	0.0	0.0008923900204561597	7.167849128817824e-06	0.00033689150495097906	0.0	0.0	0.0	0.0	0.0004551858263878966	0.0	3.942677766379855e-05	0.0	0.0	0.00021148417876105255	0.0	0.0	0.0	5.0191969944474776e-05	0.0	0.0	0.0	6.114498003490515e-05	0.0	0.0	4.383969751565217e-05	0.0	0.0
	1	2	3	4	5	6	7	8	9	10	11	12	13	14	15	16	17	18	19	20	21	22	23	24	25	26	27	28	29	30	31	32	33	34	35	36	37	38	39	40	41	42	43	44	45	46	47	48	49	50	51	52	53	54	55	56	57
SRR17866817_2	0.040179364750141514	0.0005082371097915637	0.0015497652714066695	0.00836443750410482	0.006982891557770006	0.000544028455551533	0.0	0.0	0.0	0.0	8.232009524792933e-05	7.158269151993855e-06	0.0	0.0	0.0002040106708318249	7.158269151993855e-06	0.0	0.0	0.0	0.0	0.0	0.0002934890352317481	1.789567287998464e-05	0.000794567875871318	9.305749897592011e-05	0.0006120320124954746	3.5791345759969276e-06	6.084528779194777e-05	0.00010737403727990783	6.800355694394163e-05	7.158269151993855e-05	1.789567287998464e-05	7.874096067193241e-05	0.0	0.00011453230643190168	0.0	0.0	0.0	6.084528779194777e-05	0.0007086686460473917	0.0004366544182716252	0.0001037949027039109	0.00015748192134386481	0.0	0.0003865466033827839	4.652880610913203e-05	2.5054101648141128e-05	0.005608619105361901	0.0003006536962991785	0.0	0.0002935025759862063	0.0	0.0001110879618132623	0.0	5.884596876426555e-05	0.00013500386587540636	0.00018557229951369141
	1	2	3	4	5	6	7	8	9	10	11	12	13	14	15	16	17	18	19	20	21	22	23	24	25	26	27	28	29	30	31	32	33	34	35	36	37	38	39	40	41	42	43	44	45	46	47	48	49	50	51	52	53	54	55	56	57
SRR17866817_2_val_2	0.04016545817900678	0.0005088771468075449	0.0015517169335751192	0.00836780378729308	0.006991685305785352	0.0005411299237178822	0.0	0.0	0.0	0.0	8.242376321530657e-05	7.167283757852745e-06	0.0	0.0	0.00020426758709880325	7.167283757852745e-06	0.0	0.0	0.0	0.0	0.0	0.0002938848898044558	1.4336216167201856e-05	0.0007956785051681111	8.960773247346231e-05	0.0006129738606079517	0.0	6.0944145264457084e-05	0.00010396641554953258	6.811957839860767e-05	6.812115612931575e-05	1.7927555251201442e-05	7.529983047856736e-05	0.0	0.00011116409135924028	0.0	0.0	0.0	5.7387699714126766e-05	0.0007102281134328995	0.00043405189488583196	0.00010403571768609354	0.00013274443596315128	0.0	0.0003588360506791331	4.6652968876512534e-05	2.1534795653632193e-05	0.005599976250357133	0.0002226076606046053	0.0	0.00021569034372664813	0.0	4.71885292090462e-05	0.0	4.050915798636429e-06	0.0001049658173567487	0.0
	1	2	3	4	5	6	7	8	9	10	11	12	13	14	15	16	17	18	19	20	21	22	23	24	25	26	27	28	29	30	31	32	33	34	35	36	37	38	39	40	41	42	43	44	45	46	47	48	49	50	51	52	53	54	55	56	57
SRR17866818_1	0.004521679882693615	0.12524433866858206	0.0	0.0	0.0	0.0001810577824471627	0.0005908201321960045	1.90587139418066e-05	0.0	0.0	0.0	0.0	0.0	4.76467848545165e-06	2.382339242725825e-05	0.0001524697115344528	0.0	0.0	6.67054987963231e-05	0.0	0.0	0.00019535181790351764	0.0	2.85880709127099e-05	0.0	9.5293569709033e-06	9.5293569709033e-06	0.0	4.76467848545165e-06	4.76467848545165e-05	0.0	0.0008767008413231035	9.5293569709033e-06	0.0003478215294379704	0.0	0.0	0.0	0.0	0.00042882106369064853	0.0	3.335274939816155e-05	0.0	0.0	0.00023346924578713084	0.0	0.0	0.0	6.670613764125382e-05	0.0	0.0	0.0	6.670909682887349e-05	4.768890277801689e-06	0.0	4.385733443015654e-05	0.0	0.0
	1	2	3	4	5	6	7	8	9	10	11	12	13	14	15	16	17	18	19	20	21	22	23	24	25	26	27	28	29	30	31	32	33	34	35	36	37	38	39	40	41	42	43	44	45	46	47	48	49	50	51	52	53	54	55	56	57
SRR17866818_1_val_1	0.0045146672998018274	0.12530349325961604	0.0	0.0	0.0	0.00018135027208506283	0.0005917745720670472	1.9089502324743453e-05	0.0	0.0	0.0	0.0	0.0	4.772375581185863e-06	2.3861877905929316e-05	0.00015271601859794762	0.0	0.0	6.68132581366021e-05	0.0	0.0	0.00019566879019800533	0.0	2.8634726315728685e-05	0.0	9.545020832723844e-06	9.545080052916015e-06	0.0	4.772598108867545e-06	4.772625214475812e-05	0.0	0.0008734040867006759	9.545466368816298e-06	0.00034363942983727625	0.0	0.0	0.0	0.0	0.0004295718810265355	0.0	3.3412444455391e-05	0.0	0.0	0.0002291305945098782	0.0	0.0	0.0	6.206837117554392e-05	0.0	0.0	0.0	6.706790841302238e-05	4.820898789086643e-06	0.0	4.7769326381374804e-05	0.0	0.0
	1	2	3	4	5	6	7	8	9	10	11	12	13	14	15	16	17	18	19	20	21	22	23	24	25	26	27	28	29	30	31	32	33	34	35	36	37	38	39	40	41	42	43	44	45	46	47	48	49	50	51	52	53	54	55	56	57
SRR17866818_2	0.040009005242337504	0.00044787977763245505	0.0014389329026063982	0.008495421739560291	0.007094606264837506	0.00046217381308881006	4.76467848545165e-06	0.0	0.0	0.0	6.194082031087146e-05	0.0	0.0	0.0	0.00021917521033077588	0.0	4.76467848545165e-06	0.0	4.76467848545165e-06	0.0	4.76467848545165e-06	0.0003239981370107122	9.5293569709033e-06	0.0007766425931286188	7.62348557672264e-05	0.0005336439903705848	9.5293569709033e-06	7.62348557672264e-05	9.5293569709033e-05	9.052889122358136e-05	6.67054987963231e-05	3.81174278836132e-05	8.099953425267806e-05	0.0	9.5293569709033e-05	0.0	0.0	0.0	4.288210636906485e-05	0.0007528192007013606	0.0004240563852051968	0.00015723439001990444	0.0001524697115344528	0.0	0.0002906454291575113	6.194089114169499e-05	1.905880656707392e-05	0.005827321178548311	0.00023347420722284385	0.0	0.00023347896861952128	0.0	8.585744687427379e-05	0.0	5.8635630957502266e-05	0.0001738475357111813	0.00010842926974404836
	1	2	3	4	5	6	7	8	9	10	11	12	13	14	15	16	17	18	19	20	21	22	23	24	25	26	27	28	29	30	31	32	33	34	35	36	37	38	39	40	41	42	43	44	45	46	47	48	49	50	51	52	53	54	55	56	57
SRR17866818_2_val_2	0.03995910074126924	0.0004438309290502853	0.001436485049936945	0.008499600910092024	0.007091750113642194	0.0004581480557938429	0.0	0.0	0.0	0.0	5.7268506974230366e-05	0.0	0.0	0.0	0.00021475690115336387	0.0	0.0	0.0	0.0	0.0	0.0	0.0003245593641271121	4.773054161850257e-06	0.0007780298127659322	7.160166675314557e-05	0.000534692266459308	4.774227041899906e-06	7.63922645383909e-05	9.071847793110686e-05	9.07248413449337e-05	6.207650690720518e-05	3.8203089054027045e-05	7.641135595007588e-05	0.0	9.074480807162651e-05	0.0	0.0	0.0	3.34408823959647e-05	0.0007548933092085995	0.0004204750718486779	0.00015769120201600078	0.00013858925599696023	0.0	0.00027724159147763175	6.214674653894012e-05	1.4343493977597184e-05	0.0058244827974044035	0.00019132071656113254	0.0	0.0001915590372261945	0.0	5.31967627351841e-05	0.0	1.0797353223209688e-05	0.00014740425321636082	0.0
	1	2	3	4	5	6	7	8	9	10	11	12	13	14	15	16	17	18	19	20	21	22	23	24	25	26	27	28	29	30	31	32	33	34	35	36	37	38	39	40	41	42	43	44	45	46	47	48	49	50	51	52	53	54	55	56	57
SRR17866819_1	0.004487448810498351	0.12594648860668403	0.0	0.0	0.0	0.00023088948236589028	0.0007001164949159253	4.096426300039988e-05	0.0	0.0	0.0	0.0	0.0	0.0	2.97921912730181e-05	0.00016758107591072682	0.0	0.0	5.2136334727781676e-05	0.0	0.0	0.00018247717154723587	0.0	2.97921912730181e-05	0.0	1.862011954563631e-05	3.7240239091272625e-06	1.1172071727381786e-05	0.0	3.724023909127262e-05	0.0	0.0007336327100980706	3.7240239091272625e-06	0.0002383375301841448	0.0	3.7240239091272625e-06	0.0	0.0	0.0004878471320956714	0.0	3.351621518214536e-05	0.0	0.0	0.00027930179318454466	0.0	0.0	0.0	2.2344414723062578e-05	0.0	0.0	0.0	3.3518184881540775e-05	0.0	0.0	1.9046081575357784e-05	0.0	0.0
	1	2	3	4	5	6	7	8	9	10	11	12	13	14	15	16	17	18	19	20	21	22	23	24	25	26	27	28	29	30	31	32	33	34	35	36	37	38	39	40	41	42	43	44	45	46	47	48	49	50	51	52	53	54	55	56	57
SRR17866819_1_val_1	0.0044877806009048764	0.125900137339505	0.0	0.0	0.0	0.00023109833659144713	0.00069702240230001	4.100131778235352e-05	0.0	0.0	0.0	0.0	0.0	0.0	2.9819140205348017e-05	0.0001677326636550826	0.0	0.0	5.2183495359359026e-05	0.0	0.0	0.0001826436497896728	0.0	2.981965482780398e-05	0.0	1.8637494068151576e-05	3.7275210445587495e-06	1.1182628159907855e-05	0.0	3.7275894063251e-05	0.0	0.0007343454875588082	3.727668470112673e-06	0.00023857272080483104	0.0	3.727763517839734e-06	0.0	0.0	0.0004883535142627185	0.0	3.355204794990277e-05	0.0	0.0	0.00027961735967468046	0.0	0.0	0.0	2.2373584493226565e-05	0.0	0.0	0.0	2.992562509580876e-05	0.0	0.0	1.6606788813750087e-05	0.0	0.0
	1	2	3	4	5	6	7	8	9	10	11	12	13	14	15	16	17	18	19	20	21	22	23	24	25	26	27	28	29	30	31	32	33	34	35	36	37	38	39	40	41	42	43	44	45	46	47	48	49	50	51	52	53	54	55	56	57
SRR17866819_2	0.03982843570811607	0.00045060689300439877	0.0013406486072858146	0.008349261604263322	0.0068261358254302715	0.0005176393233686895	0.0	0.0	0.0	0.0	6.330840645516346e-05	1.1172071727381786e-05	0.0	0.0	0.000156409004183345	1.1172071727381786e-05	0.0	0.0	0.0	0.0	0.0	0.0002867498410027992	1.489609563650905e-05	0.0007894930687349797	8.565254990992703e-05	0.0005883957776421074	7.448047818254525e-06	5.2136334727781676e-05	9.310059772818157e-05	7.075645427341798e-05	5.95843825460362e-05	1.1172071727381786e-05	7.448047818254524e-05	0.0	8.192852600079977e-05	0.0	0.0	0.0	3.351621518214536e-05	0.0007299086861889435	0.00043943482127701693	0.00010427266945556335	0.00013778888463770872	0.0	0.0003239901283559512	4.468833517145145e-05	1.8620232573408128e-05	0.005750042594632239	0.00021599908982452494	0.0	0.00023835033857479382	0.0	8.577225177407783e-05	7.489675108379343e-06	3.064544321604313e-05	0.00012842896001791045	0.0001345780532241621
	1	2	3	4	5	6	7	8	9	10	11	12	13	14	15	16	17	18	19	20	21	22	23	24	25	26	27	28	29	30	31	32	33	34	35	36	37	38	39	40	41	42	43	44	45	46	47	48	49	50	51	52	53	54	55	56	57
SRR17866819_2_val_2	0.039834643921819284	0.0004472871030802203	0.0013418613092406608	0.008353086650023114	0.0068285831070246964	0.0005181075610679218	0.0	0.0	0.0	0.0	6.336567293636454e-05	1.1182177577005506e-05	0.0	0.0	0.0001565504860780771	1.1182177577005506e-05	0.0	0.0	0.0	0.0	0.0	0.00028703006561656407	1.491096735944512e-05	0.0007865705638976561	8.574269370663167e-05	0.0005890527528429718	7.4565477138522975e-06	5.2197758665527016e-05	9.321240676522226e-05	7.08441524472199e-05	5.965952829224488e-05	1.1186534455253248e-05	7.457992484431813e-05	0.0	7.831311170697858e-05	0.0	0.0	0.0	3.356865958328164e-05	0.000727362303042411	0.0004364374705964243	0.00010445267581269218	0.00012684347876597263	0.0	0.0003134264269521653	4.477868081036128e-05	1.8659744448828655e-05	0.00575553359843127	0.00018292729819591126	0.0	0.00020556250647521895	0.0	6.038717539439997e-05	7.739814674781501e-06	8.444985899407043e-06	0.00010389025820502021	0.0
	1	2	3	4	5	6	7	8	9	10	11	12	13	14	15	16	17	18	19	20	21	22	23	24	25	26	27	28	29	30	31	32	33	34	35	36	37	38	39	40	41	42	43	44	45	46	47	48	49	50	51	52	53	54	55	56	57
SRR17866820_1	0.004703815290239087	0.12427651044640403	0.0	0.0	0.0	8.894487094270274e-05	0.00045156626786295234	6.841913149438672e-06	0.0	0.0	3.420956574719336e-06	0.0	0.0	3.420956574719336e-06	2.736765259775469e-05	0.00015736400243708946	0.0	0.0	6.841913149438672e-05	3.420956574719336e-06	0.0	0.00022920409050619552	0.0	3.0788609172474024e-05	0.0	1.710478287359668e-05	6.841913149438672e-06	6.841913149438672e-06	3.420956574719336e-06	2.0525739448316015e-05	0.0	0.0008928696660017466	6.841913149438672e-06	0.00033525374432249495	0.0	0.0	0.0	0.0	0.00043104052841463637	0.0	3.420956574719336e-05	0.0	0.0	0.00021209930763259883	0.0	0.0	0.0	6.499902655405231e-05	0.0	0.0	0.0	7.184423185242072e-05	3.4237716919475114e-06	0.0	2.4484982013856894e-05	0.0	0.0
	1	2	3	4	5	6	7	8	9	10	11	12	13	14	15	16	17	18	19	20	21	22	23	24	25	26	27	28	29	30	31	32	33	34	35	36	37	38	39	40	41	42	43	44	45	46	47	48	49	50	51	52	53	54	55	56	57
SRR17866820_1_val_1	0.004709552963409993	0.12426712077489306	0.0	0.0	0.0	8.905336512629805e-05	0.0004521170844873593	6.850258855869081e-06	0.0	0.0	3.4251294279345405e-06	0.0	0.0	3.4251294279345405e-06	2.7401035423476324e-05	0.00015755595368498887	0.0	0.0	6.85025885586908e-05	3.4251294279345405e-06	0.0	0.00022606042375916975	0.0	3.082668433149852e-05	0.0	1.712610644066965e-05	6.850478007516551e-06	6.8505181320884015e-06	3.4252770167097684e-06	2.055177895684856e-05	0.0	0.0008837396326294348	6.8507434015694786e-06	0.0003322633312269437	0.0	0.0	0.0	0.0	0.0004316183901497284	0.0	3.425639237984365e-05	0.0	0.0	0.0002089752184167873	0.0	0.0	0.0	6.167560700275806e-05	0.0	0.0	0.0	7.217251044619761e-05	3.458417372875494e-06	0.0	2.6634725289443365e-05	0.0	0.0
	1	2	3	4	5	6	7	8	9	10	11	12	13	14	15	16	17	18	19	20	21	22	23	24	25	26	27	28	29	30	31	32	33	34	35	36	37	38	39	40	41	42	43	44	45	46	47	48	49	50	51	52	53	54	55	56	57
SRR17866820_2	0.043647984936844006	0.0003489375706213723	0.0017344249833827036	0.008285556823970234	0.007231902198956677	0.0005439320953803744	3.420956574719336e-06	0.0	0.0	0.0	0.00011631252354045744	0.0	0.0	0.0	0.00025999269967866956	0.0	3.420956574719336e-06	3.420956574719336e-06	1.0262869724158008e-05	0.0	6.841913149438672e-06	0.0003044651351500209	2.0525739448316015e-05	0.0008620810568292727	0.00010262869724158009	0.0006841913149438672	1.0262869724158008e-05	8.55239143679834e-05	0.00011973348011517677	7.184008806910606e-05	7.868200121854473e-05	1.0262869724158008e-05	9.236582751742209e-05	0.0	0.00014368017613821212	0.0	0.0	0.0	7.184008806910606e-05	0.0007560314030129733	0.0005028806164837425	0.0001334173064140541	0.00020525739448316017	0.0	0.0003934101003014445	5.473538196692895e-05	3.763078236312282e-05	0.0053231368123134145	0.0002976305834513906	0.0	0.0003147436389113182	0.0	0.00016095730004882485	6.873607385663641e-06	0.00010870203251060389	0.00014721909360676928	0.0001757810702606244
	1	2	3	4	5	6	7	8	9	10	11	12	13	14	15	16	17	18	19	20	21	22	23	24	25	26	27	28	29	30	31	32	33	34	35	36	37	38	39	40	41	42	43	44	45	46	47	48	49	50	51	52	53	54	55	56	57
SRR17866820_2_val_2	0.04363272378245811	0.0003493632016493231	0.0017296903611069428	0.008288813215601588	0.00722702309294188	0.0005377453201857228	0.0	0.0	0.0	0.0	0.0001096041416939053	0.0	0.0	0.0	0.000253459577667156	0.0	0.0	3.4251294279345405e-06	3.4251294279345405e-06	0.0	0.0	0.0003048746441102364	1.3702586054809659e-05	0.0008598606039208684	9.592615659280433e-05	0.0006852623571476393	3.4264236678981348e-06	8.566537616917391e-05	0.00010965419521530772	7.196491073198321e-05	6.85396238360387e-05	1.0281432274800477e-05	8.568403778008013e-05	0.0	0.00012339261834508905	0.0	0.0	0.0	5.485562257274584e-05	0.0007543439237734093	0.0004937791033917892	0.00013374105838146984	0.00015776088196838389	0.0	0.0003430332031785319	5.48902382205463e-05	2.7448371585898633e-05	0.005318958738675165	0.0001956361066822224	0.0	0.00020959066976553915	0.0	6.242097028335272e-05	3.553243704655947e-06	0.0	0.0001000832592633812	0.0
	1	2	3	4	5	6	7	8	9	10	11	12	13	14	15	16	17	18	19	20	21	22	23	24	25	26	27	28	29	30	31	32	33	34	35	36	37	38	39	40	41	42	43	44	45	46	47	48	49	50	51	52	53	54	55	56	57
SRR17866821_1	0.003730738498548367	0.10690234014742862	0.0	0.0	0.0	0.00014028183378687968	0.00040567989770800335	7.5828018263178204e-06	0.0	0.0	0.0	0.0	0.0	3.7914009131589102e-06	1.895700456579455e-05	9.478502282897274e-05	0.0	0.0	4.170541004474801e-05	0.0	0.0	0.00021990125296321677	0.0	2.274840547895346e-05	0.0	1.895700456579455e-05	7.5828018263178204e-06	7.5828018263178204e-06	0.0	3.0331207305271282e-05	0.0	0.0007431145789791463	7.5828018263178204e-06	0.00027298086574744154	0.0	3.7914009131589102e-06	0.0	0.0	0.00036018308675009645	0.0	4.928821187106583e-05	0.0	0.0	0.00015923883835267422	0.0	0.0	0.0	2.654009920840742e-05	0.0	0.0	0.0	3.412472229585368e-05	0.0	0.0	2.7145399835840135e-05	0.0	0.0
	1	2	3	4	5	6	7	8	9	10	11	12	13	14	15	16	17	18	19	20	21	22	23	24	25	26	27	28	29	30	31	32	33	34	35	36	37	38	39	40	41	42	43	44	45	46	47	48	49	50	51	52	53	54	55	56	57
SRR17866821_1_val_1	0.0037309382455708866	0.10691054781408009	0.0	0.0	0.0	0.0001404320601079581	0.00040611433598787886	7.5909221679977354e-06	0.0	0.0	0.0	0.0	0.0	3.7954610839988677e-06	1.8977305419994337e-05	9.488652709997169e-05	0.0	0.0	4.175007192398754e-05	0.0	0.0	0.00022013830530624788	0.0	2.2773121749777364e-05	0.0	1.897779594079368e-05	7.591165052917822e-06	7.591207984371829e-06	0.0	3.0365192683279083e-05	0.0	0.000740164354443833	7.591490076271321e-06	0.00026950007659875413	0.0	3.7958471913387877e-06	0.0	0.0	0.0003606174606039659	0.0	4.934930661566934e-05	0.0	0.0	0.00015944671685543132	0.0	0.0	0.0	2.6580012787264435e-05	0.0	0.0	0.0	3.429491185445544e-05	0.0	0.0	2.9616184821916824e-05	0.0	0.0
	1	2	3	4	5	6	7	8	9	10	11	12	13	14	15	16	17	18	19	20	21	22	23	24	25	26	27	28	29	30	31	32	33	34	35	36	37	38	39	40	41	42	43	44	45	46	47	48	49	50	51	52	53	54	55	56	57
SRR17866821_2	0.03980212678634224	0.00023885825752901132	0.0014558979506530214	0.008250088387033788	0.00688518405829658	0.00048150791597118155	0.0	0.0	0.0	0.0	4.170541004474801e-05	1.5165603652635641e-05	0.0	0.0	0.00015923883835267422	0.0	0.0	3.7914009131589102e-06	0.0	0.0	0.0	0.00036018308675009645	1.5165603652635641e-05	0.0008796050118528671	9.478502282897274e-05	0.0005687101369738365	3.7914009131589102e-06	6.824521643686039e-05	9.478502282897274e-05	0.00010236782465529058	7.203661735001929e-05	3.7914009131589102e-06	4.928821187106583e-05	0.0	6.445381552370147e-05	0.0	0.0	0.0	3.0331207305271282e-05	0.0007658629844580998	0.00043601110501327464	0.0001554474374395153	9.478502282897274e-05	0.0	0.0002729808864470412	5.3079709382524874e-05	1.8957116689280612e-05	0.005774411523769001	0.00021611409641350318	0.0	0.0001630392580333613	0.0	6.454408997294274e-05	3.8123917447536626e-06	4.6811219713140845e-05	0.00018541865192801897	0.0001502147608881436
	1	2	3	4	5	6	7	8	9	10	11	12	13	14	15	16	17	18	19	20	21	22	23	24	25	26	27	28	29	30	31	32	33	34	35	36	37	38	39	40	41	42	43	44	45	46	47	48	49	50	51	52	53	54	55	56	57
SRR17866821_2_val_2	0.03980300038789612	0.00023911404829192866	0.001457457056255565	0.00823994601336154	0.006877375484205948	0.00048202355766785616	0.0	0.0	0.0	0.0	4.175007192398754e-05	1.5181844335995471e-05	0.0	0.0	0.00015940936552795242	0.0	0.0	3.7954610839988677e-06	0.0	0.0	0.0	0.00035680948700247424	1.5183725354346394e-05	0.000876879245224861	9.490464550647383e-05	0.0005694826113799786	3.7966502003416382e-06	6.834249553078048e-05	9.492192747402803e-05	0.00010252013087188322	7.214506687031321e-05	3.797275174064246e-06	4.936681927722648e-05	0.0	6.455935562471677e-05	0.0	0.0	0.0	3.038631874230419e-05	0.0007635047176044853	0.0004368467882207416	0.0001557525001600262	9.497596158412305e-05	0.0	0.0002735677370624973	5.319655435278146e-05	1.900011225266319e-05	0.005769023573758088	0.00019004512469449772	0.0	0.00013696507907907116	0.0	3.838508865208957e-05	0.0	8.54197024473001e-06	9.924954660877257e-05	0.0
	1	2	3	4	5	6	7	8	9	10	11	12	13	14	15	16	17	18	19	20	21	22	23	24	25	26	27	28	29	30	31	32	33	34	35	36	37	38	39	40	41	42	43	44	45	46	47	48	49	50	51	52	53	54	55	56	57
SRR17866822_1	0.0035189653349299707	0.11370120310849947	0.0	0.0	0.0	6.007989596221901e-05	0.00028323379525046105	2.1457105700792504e-05	0.0	0.0	0.0	0.0	0.0	4.291421140158501e-06	3.0039947981109507e-05	0.00011157694964412102	0.0	0.0	3.433136912126801e-05	4.291421140158501e-06	0.0	0.00018453110902681556	0.0	1.2874263420475502e-05	0.0	1.2874263420475502e-05	4.291421140158501e-06	0.0	8.582842280317002e-06	1.7165684560634005e-05	0.0	0.0007252501726867866	0.0	0.00027035953182998556	0.0	1.2874263420475502e-05	0.0	0.0	0.0004248506928756916	0.0	3.433136912126801e-05	0.0	0.0	0.00020598822356743021	0.0	0.0	0.0	4.720622610640773e-05	0.0	0.0	0.0	6.437497754922657e-05	0.0	0.0	2.6344341887385055e-05	0.0	0.0
	1	2	3	4	5	6	7	8	9	10	11	12	13	14	15	16	17	18	19	20	21	22	23	24	25	26	27	28	29	30	31	32	33	34	35	36	37	38	39	40	41	42	43	44	45	46	47	48	49	50	51	52	53	54	55	56	57
SRR17866822_1_val_1	0.0035188340328394436	0.11368111071416219	0.0	0.0	0.0	6.0151009108366555e-05	0.0002835690429394423	2.1482503252988055e-05	0.0	0.0	0.0	0.0	0.0	4.2965006505976104e-06	3.0075504554183277e-05	0.0001117090169155379	0.0	0.0	3.4372005204780883e-05	4.2965006505976104e-06	0.0	0.00018475099647383389	0.0	1.2889713505923447e-05	0.0	1.288984310010351e-05	4.296639658276217e-06	0.0	8.593379007715651e-06	1.7186864354563636e-05	0.0	0.0007261569689262824	0.0	0.00027070215110671416	0.0	1.2890819570807896e-05	0.0	0.0	0.00042541333309842496	0.0	3.437820885664308e-05	0.0	0.0	0.0002062840215534141	0.0	0.0	0.0	4.7283173337104525e-05	0.0	0.0	0.0	6.47058633218049e-05	0.0	0.0	2.3936557399314102e-05	0.0	0.0
	1	2	3	4	5	6	7	8	9	10	11	12	13	14	15	16	17	18	19	20	21	22	23	24	25	26	27	28	29	30	31	32	33	34	35	36	37	38	39	40	41	42	43	44	45	46	47	48	49	50	51	52	53	54	55	56	57
SRR17866822_2	0.03617668021153616	0.00027035953182998556	0.0013818376071310372	0.007870466371050691	0.006664577030666152	0.00040768500831505765	0.0	0.0	0.0	0.0	6.437131710237752e-05	8.582842280317002e-06	0.0	0.0	0.00018882253016697405	0.0	0.0	0.0	0.0	0.0	0.0	0.00024031958384887605	0.0	0.0007939129109293227	0.00010299410736380401	0.0005450104848001296	0.0	7.295415938269452e-05	7.295415938269452e-05	8.582842280317002e-05	6.007989596221901e-05	1.2874263420475502e-05	5.578847482206051e-05	0.0	6.437131710237752e-05	0.0	0.0	0.0	3.433136912126801e-05	0.0006909188035655186	0.0004505992197166426	0.00011157694964412102	0.00014161689762523053	0.0	0.0003089824016498287	7.724569986063159e-05	0.0	0.005342929836130411	0.0002531993019252331	0.0	0.0002360377349664455	0.0	7.733025375622042e-05	4.311181419773785e-06	6.157103870738113e-05	0.00013246848444652042	0.00016828525801075047
	1	2	3	4	5	6	7	8	9	10	11	12	13	14	15	16	17	18	19	20	21	22	23	24	25	26	27	28	29	30	31	32	33	34	35	36	37	38	39	40	41	42	43	44	45	46	47	48	49	50	51	52	53	54	55	56	57
SRR17866822_2_val_2	0.036193721480634274	0.0002706795409876495	0.0013834732094924309	0.007879782193196018	0.0066724655103780894	0.000408167561806773	0.0	0.0	0.0	0.0	6.444750975896417e-05	8.593001301195221e-06	0.0	0.0	0.00018904602862629486	0.0	0.0	0.0	0.0	0.0	0.0	0.00024063178562836113	0.0	0.0007949827905563264	0.0001031378708810978	0.0005458290537327014	0.0	7.306955082212916e-05	7.307117773158438e-05	8.597092858661472e-05	6.018106763793179e-05	1.2896502429851516e-05	5.588796955567344e-05	0.0	6.01904779265825e-05	0.0	0.0	0.0	2.5801785096501904e-05	0.000692403103668958	0.0004515884106242668	0.00011182861112649949	0.00012904154905604817	0.0	0.0002968451810411436	7.744317402741807e-05	0.0	0.005353365592955384	0.00021089597951778248	0.0	0.0001938658267537426	0.0	3.9122358567022776e-05	0.0	4.832679818095999e-06	0.00010617050483450517	0.0
	1	2	3	4	5	6	7	8	9	10	11	12	13	14	15	16	17	18	19	20	21	22	23	24	25	26	27	28	29	30	31	32	33	34	35	36	37	38	39	40	41	42	43	44	45	46	47	48	49	50	51	52	53	54	55	56	57	58	59
SRR27320655_1	0.002509824132456934	0.04022323412279665	0.0	1.0161231305493659e-05	0.0	0.0	0.0	2.540307826373415e-05	0.000716366807037303	0.0	0.0	0.0	0.0	0.0	0.0001727409321933922	0.00015749908523515172	0.0	0.0	0.0	0.0002286277043736073	0.0	1.5241846958240489e-05	1.0161231305493659e-05	5.0806156527468295e-06	0.0	1.0161231305493659e-05	0.00013209600697141756	0.0003251594017757971	0.00012193477566592391	1.5241846958240489e-05	0.0010008812835911255	7.112861913845562e-05	0.0	0.00033024001742854394	0.0	7.620923479120245e-05	0.0	0.001107574212298809	0.0	0.0	0.0	2.540307826373415e-05	0.00046233602439996153	5.0806156527468295e-06	7.112861913845562e-05	0.0	3.0483714050365496e-05	0.001956042293394049	0.00031500081112708863	0.0006300128253336694	0.00042678745700116367	0.0005182427019995734	0.001280373299948785	0.0005030254951104651	0.0002949266314070014	0.00019932024640888799	0.00017193683457514277	0.0007050051473835821	1.5157865378450215e-05
	1	2	3	4	5	6	7	8	9	10	11	12	13	14	15	16	17	18	19	20	21	22	23	24	25	26	27	28	29	30	31	32	33	34	35	36	37	38	39	40	41	42	43	44	45	46	47	48	49	50	51	52	53	54	55	56	57	58	59
SRR27320655_1_val_1	0.0025130335636998303	0.04022379835662866	0.0	1.0174224954250326e-05	0.0	0.0	0.0	2.5435562385625817e-05	0.0007172828592746479	0.0	0.0	0.0	0.0	0.0	0.00017296182422225554	0.00015770048679088005	0.0	0.0	0.0	0.00022892006147063235	0.0	1.5261492705235408e-05	1.0174381781670588e-05	5.0872242756237765e-06	0.0	1.017459141002998e-05	0.0001271836478457761	0.0003052430841455979	0.00010683600886311528	1.017495426866804e-05	0.0009818937270472802	6.105101768993938e-05	0.0	0.00031543744763483985	0.0	6.614193723934035e-05	0.0	0.0010990166700985498	0.0	0.0	0.0	2.0354914393845406e-05	0.0004376536654181493	0.0	6.107545322566953e-05	0.0	1.5271047346457e-05	0.0018123428899802995	0.0002291182049841152	0.0005499787316095132	0.00027504845946376555	0.0003719629795946714	0.0010913980594942502	0.0003374082019639611	0.00013899593148612545	7.911207977113613e-05	3.981973945261852e-05	0.00034686514482956676	0.0
	1	2	3	4	5	6	7	8	9	10	11	12	13	14	15	16	17	18	19	20	21	22	23	24	25	26	27	28	29	30	31	32	33	34	35	36	37	38	39	40	41	42	43	44	45	46	47	48	49	50	51	52	53	54	55	56	57	58	59
SRR27320655_2	0.028410802730160268	0.00036580432699777175	2.0322462610987318e-05	0.0	1.5241846958240489e-05	6.0967387832961954e-05	0.0005182227965801766	0.00014733785392965807	5.0806156527468295e-06	0.0002794338609010756	0.0	0.0004013686365669995	0.0006249157252878601	0.00016257970088789854	2.0322462610987318e-05	0.0003607237113450249	0.0008687852766197079	9.653169740218978e-05	0.000538545259191164	6.0967387832961954e-05	0.0007722535792175182	0.0001727409321933922	0.0006249157252878601	0.00021338585741536686	0.000538545259191164	8.63704660966961e-05	0.003688526963894198	0.00025403078263734147	0.0004572554087472146	8.128985044394927e-05	0.0	2.540307826373415e-05	3.0483693916480977e-05	7.620923479120245e-05	0.0003810461739560122	0.0001524184695824049	0.0008992689705361889	0.0003556430956922781	0.0022862770437360735	0.00024895016698459467	0.0007214474226900498	0.0002845144765538225	1.0161231305493659e-05	0.00010669292870768343	0.002469179207234959	3.5564311376113784e-05	0.00016257981652867705	0.0004115316659899257	0.0008332357837781593	0.0005385694477681632	0.001890105890133937	0.00017275196471063512	0.00029978018998645753	0.0005081478458190003	0.0020395981106709335	0.00044428935738549094	0.0009679500800041966	0.0004087876807744522	0.00010029059585883159
	1	2	3	4	5	6	7	8	9	10	11	12	13	14	15	16	17	18	19	20	21	22	23	24	25	26	27	28	29	30	31	32	33	34	35	36	37	38	39	40	41	42	43	44	45	46	47	48	49	50	51	52	53	54	55	56	57	58	59
SRR27320655_2_val_2	0.028294519597770157	0.0003662720983530117	2.034844990850065e-05	0.0	1.526133743137549e-05	6.104534972550196e-05	0.0004883627978040157	0.00011700358697387874	5.087112477125163e-06	0.0002747040737647588	0.0	0.0003052267486275098	0.0005290596976210169	9.665513706537809e-05	0.0	0.0002645298488105084	0.0007783282090001499	5.0871124771251634e-05	0.0004578401229412647	6.104534972550196e-05	0.0006969566396311929	0.00011701564717971178	0.0005291283368728118	0.0001322857455545757	0.00043758133733913605	4.5799018842530556e-05	0.0035877112188645826	0.00025446195216186545	0.00044277709181257826	5.5986860799918896e-05	0.0	5.090137166980321e-06	5.090494224885206e-06	4.5816556413365926e-05	0.00033090956501224955	8.655068976063083e-05	0.0007484842430319172	0.00019349595921879165	0.0020878815839117824	0.00020371866004866227	0.0005551737533407836	0.00024450202806791595	0.0	2.5475703999425673e-05	0.002226896496653566	0.0	3.0583134746845045e-05	0.00012745155617330475	0.0005201108774408179	0.00023462596769822694	0.0015153774843580643	2.5524710191164254e-05	0.00010220224372761835	0.00020495996978070206	0.0015802143121766048	0.00011651068710165261	0.0006292640214600969	1.4952295076366231e-05	0.0
	1	2	3	4	5	6	7	8	9	10	11	12	13	14	15	16	17	18	19	20	21	22	23	24	25	26	27	28	29	30	31	32	33	34	35	36	37	38	39	40	41	42	43	44	45	46	47	48	49	50	51	52	53	54	55	56	57	58	59
SRR27320656_1	0.0026659036809000094	0.04432150977496294	0.0	3.4443200011628025e-06	0.0	0.0	3.4443200011628025e-06	6.888640002325605e-06	0.0007577504002558165	0.0	0.0	0.0	0.0	0.0	0.00011710688003953529	0.00016877168005697733	0.0	0.0	0.0	0.0002686569600906986	0.0	1.0332960003488408e-05	3.4443200011628025e-06	3.4443200011628025e-06	6.888640002325605e-06	0.0	0.0001756603200593029	0.00035476496011976866	0.00018943760006395413	4.822048001627924e-05	0.001164180160393027	0.00010332960003488408	0.0	0.00037887520012790826	0.0	8.955232003023286e-05	0.0	0.001202067680405818	0.0	0.0	0.0	5.8553440019767645e-05	0.0005545355201872112	6.888640002325605e-06	7.921936002674446e-05	6.888640002325605e-06	3.099888641667029e-05	0.0020941512491095553	0.0003719899938824868	0.0006751068339342587	0.0004994462002753086	0.0006234475810784968	0.0014329073017477164	0.0005924823633156966	0.0003792139721732787	0.00025980567228528186	0.0002328753768479323	0.0008422508066647572	3.069100647626273e-05
	1	2	3	4	5	6	7	8	9	10	11	12	13	14	15	16	17	18	19	20	21	22	23	24	25	26	27	28	29	30	31	32	33	34	35	36	37	38	39	40	41	42	43	44	45	46	47	48	49	50	51	52	53	54	55	56	57	58	59
SRR27320656_1_val_1	0.002665657418191819	0.0442988812342718	0.0	3.4484572033529353e-06	0.0	0.0	3.4484572033529353e-06	6.896914406705871e-06	0.0007552121275342927	0.0	0.0	0.0	0.0	0.0	0.00011724754491399978	0.0001689744029642938	0.0	0.0	0.0	0.00026208274745482304	0.0	1.0345480421695576e-05	3.448513809521823e-06	3.4485323615277177e-06	6.897106584471089e-06	0.0	0.00017587918989493356	0.0003552108010569142	0.00018967726000369077	4.828180406064457e-05	0.0011656715119745848	0.00010346281060311713	0.0	0.00037937049467360375	0.0	8.967126067480313e-05	0.0	0.001200245553685173	0.0	0.0	0.0	4.828934645267495e-05	0.0005380964898758697	0.0	7.244102093545505e-05	0.0	1.379949499368121e-05	0.0019389463737804217	0.00026568186335871355	0.0005762932754408203	0.0003382392404113058	0.0004591781794662354	0.0012231421817788302	0.00039476971679947725	0.000230129350477691	0.00011777062350980014	8.066899024089604e-05	0.00043514930755032946	0.0
	1	2	3	4	5	6	7	8	9	10	11	12	13	14	15	16	17	18	19	20	21	22	23	24	25	26	27	28	29	30	31	32	33	34	35	36	37	38	39	40	41	42	43	44	45	46	47	48	49	50	51	52	53	54	55	56	57	58	59
SRR27320656_2	0.02864985376967219	0.0004305400001453503	3.099888001046522e-05	0.0	1.0332960003488408e-05	7.577504002558164e-05	0.0005200923201755832	0.0001412171200476749	0.0	0.0002721012800918614	3.4443200011628025e-06	0.00041331840013953634	0.0005993116802023277	0.00017910464006046573	6.888640002325605e-06	0.0003719865601255827	0.0009093004803069798	9.988528003372127e-05	0.00046842752015814116	8.266368002790727e-05	0.0007784163202627933	0.00020321488006860535	0.000609644640205816	0.0002514353600848846	0.0005166480001744204	7.921936002674446e-05	0.0037129769612535015	0.00021699216007325654	0.0005510912001860484	7.233072002441885e-05	0.0	2.0665920006976817e-05	2.411024000813962e-05	0.00011710688003953529	0.00036854224012441983	0.0001756603200593029	0.0008645243202918634	0.0003719865601255827	0.002176810240734891	0.00023421376007907058	0.0007646390402581422	0.0002686569600906986	1.377728000465121e-05	0.00012055120004069808	0.002476466080836055	3.099888321356743e-05	0.0001308842997944841	0.00045120784724155113	0.0008094345486574012	0.0005717935548326079	0.001811870895862686	0.00017223141191625735	0.0003410258546857142	0.000571888050502538	0.001938270231773319	0.0004400401316600074	0.000898317338451243	0.000408592369121277	0.00012650135364354734
	1	2	3	4	5	6	7	8	9	10	11	12	13	14	15	16	17	18	19	20	21	22	23	24	25	26	27	28	29	30	31	32	33	34	35	36	37	38	39	40	41	42	43	44	45	46	47	48	49	50	51	52	53	54	55	56	57	58	59
SRR27320656_2_val_2	0.028560122558169008	0.000427608693215764	3.103611483017641e-05	0.0	1.0345371610058804e-05	7.586605847376458e-05	0.00046554172245264624	0.00011379908771064684	0.0	0.000265531204658176	3.4484572033529353e-06	0.0003345003487252347	0.0004931293800794697	0.00011379908771064684	0.0	0.0003069126910984112	0.0008172843571946457	5.1726858050294024e-05	0.00038277874957217577	7.93145156771175e-05	0.0006966119450395246	0.00014485173648779028	0.0005104427445857976	0.00017245145888070864	0.00041390585711279974	4.139629138904704e-05	0.003598162460174413	0.00021735232643062594	0.0005140683782015548	4.8304996644700434e-05	0.0	1.0351909720305202e-05	0.0	7.592307708501075e-05	0.00030025085441212244	0.00012769987299384795	0.0007283103482959574	0.0002174666297456655	0.001974595176057081	0.00017262374524546734	0.0005869551631856198	0.00022444105803172168	3.453263088436894e-06	4.489797229359945e-05	0.002238240610243868	0.0	2.0728404422778194e-05	0.00017275986089099586	0.00047689532023313403	0.0002696124383417093	0.001445237946153684	1.3835974932257338e-05	0.00013156139521967514	0.00026032278776133024	0.0015073651575306757	0.00012554024450791917	0.0005821993373164885	1.009454041828747e-05	0.0
	1	2	3	4	5	6	7	8	9	10	11	12	13	14	15	16	17	18	19	20	21	22	23	24	25	26	27	28	29	30	31	32	33	34	35	36	37	38	39	40	41	42	43	44	45	46	47	48	49	50	51	52	53	54	55	56	57	58	59
SRR27320657_1	0.0025937563886690097	0.0429698975056166	0.0	9.880976718739084e-06	0.0	0.0	4.940488359369542e-06	2.9642930156217256e-05	0.0007287220330070075	0.0	0.0	0.0	0.0	0.0	0.0001704468483982492	0.00019020880183572738	0.0	0.0	0.0	0.00020008977855446648	0.0	1.9761953437478168e-05	1.7291709257793397e-05	0.0	7.410732539054314e-06	0.0	0.0001778575809373035	0.00034336394097618316	0.00017291709257793398	4.446439523432588e-05	0.00113384207847531	4.693463941401065e-05	0.0	0.00039770931292924816	0.0	7.65775695702279e-05	4.940488359369542e-06	0.001089377683240984	0.0	0.0	0.0	6.669659285148882e-05	0.0005755668938665516	7.410732539054314e-06	7.163708121085836e-05	4.940488603453807e-06	2.9642941140012675e-05	0.0021021821070213256	0.0003878308845888901	0.0006842717350270598	0.00045206709159820467	0.0005706427712764713	0.0014871379489171078	0.0005410200807631812	0.0003139548376707636	0.0002834153116265712	0.00018252593535098685	0.0007617396174890136	1.1023792467552845e-05
	1	2	3	4	5	6	7	8	9	10	11	12	13	14	15	16	17	18	19	20	21	22	23	24	25	26	27	28	29	30	31	32	33	34	35	36	37	38	39	40	41	42	43	44	45	46	47	48	49	50	51	52	53	54	55	56	57	58	59
SRR27320657_1_val_1	0.002590120099440821	0.04296333884144101	0.0	9.895396750490244e-06	0.0	0.0	4.947698375245122e-06	2.968619025147073e-05	0.0007273116611610328	0.0	0.0	0.0	0.0	0.0	0.00017069559394595669	0.00019048638744693716	0.0	0.0	0.0	0.00019790793500980484	0.0	1.9790953110036955e-05	1.7317158941956222e-05	0.0	7.421704725993135e-06	0.0	0.0001707012357285108	0.0003339830582022133	0.00016575550207452907	3.9583677680404405e-05	0.0011231958295887287	4.453235791635769e-05	0.0	0.0003884276276448643	0.0	7.669728810017576e-05	4.948263921396234e-06	0.0010861569910037006	0.0	0.0	0.0	4.701200597557236e-05	0.0005493103260394324	2.4744275949946982e-06	6.433668714709625e-05	0.0	1.732247065944666e-05	0.0019600087923222695	0.000257392135061573	0.0006039362535383796	0.0003020036182508906	0.0004209251603235845	0.0013156878205316577	0.0003823650270076336	0.00018238445488821695	0.00012284993105431526	4.679562292461413e-05	0.00040865588577029035	0.0
	1	2	3	4	5	6	7	8	9	10	11	12	13	14	15	16	17	18	19	20	21	22	23	24	25	26	27	28	29	30	31	32	33	34	35	36	37	38	39	40	41	42	43	44	45	46	47	48	49	50	51	52	53	54	55	56	57	58	59
SRR27320657_2	0.029195815959694314	0.00041994151054641104	2.4702441796847714e-05	0.0	1.4821465078108628e-05	9.139903464833654e-05	0.0004347629756245197	0.00011857172062486902	0.0	0.0002494946621481619	1.2351220898423857e-05	0.0004915785917572694	0.0006941386144914207	0.0002470244179684771	1.2351220898423857e-05	0.0004767571266791609	0.0009386927882802131	0.00012104196480455378	0.0005187512777338019	6.916683703117359e-05	0.0007904781374991268	0.00022726246453099895	0.0006200312891008775	0.0003161912549996507	0.0005434537195306496	9.880976718739085e-05	0.00383628921105045	0.00022726246453099895	0.00042735224308546537	6.916683703117359e-05	0.0	3.4583418515586794e-05	4.693463941401065e-05	0.0001284526973436081	0.0003211317433590202	0.0002075005110935208	0.0007830674049600724	0.00041994151054641104	0.0023368509939817937	0.00025937563886690095	0.0007731864282413334	0.00026431612722627054	9.880976718739084e-06	0.0001111609880858147	0.002470244179684771	2.964293088847003e-05	0.00022232210248530174	0.0005014613274753428	0.0008448349459305634	0.0006373472284251726	0.001877483527799454	0.0002248043097011879	0.0003458576884052964	0.000652239265871106	0.0019804457070946514	0.0005408609936385567	0.0008808250741470471	0.0004465489197453891	0.00015014087342801567
	1	2	3	4	5	6	7	8	9	10	11	12	13	14	15	16	17	18	19	20	21	22	23	24	25	26	27	28	29	30	31	32	33	34	35	36	37	38	39	40	41	42	43	44	45	46	47	48	49	50	51	52	53	54	55	56	57	58	59
SRR27320657_2_val_2	0.02906278025618984	0.0004180805127082128	2.4738491876225605e-05	0.0	1.4843095125735365e-05	9.153241994203475e-05	0.00038344662408149694	9.648011831727988e-05	0.0	0.00024738491876225607	4.947698375245122e-06	0.0003809727748938743	0.0005714591623408115	0.00015337864963259877	0.0	0.0003686035289557615	0.0008237917794783127	6.679392806580915e-05	0.00040076356839485484	6.92677772534317e-05	0.000707554229949682	0.00015092982047887557	0.000509714061298708	0.00020290212392499608	0.00043058238618612517	4.950271429570323e-05	0.0037004932175776152	0.00021288636833629156	0.00040103009282782185	4.456225053030935e-05	0.0	9.903823475042687e-06	1.2381132154991271e-05	8.171978646768378e-05	0.00025012183533657396	0.00013126233076477719	0.0005994269032949779	0.00021550697532913304	0.002095800061268708	0.0001883023880657514	0.0005699002476340468	0.00022302286328795124	7.4350107568496465e-06	2.230892185343316e-05	0.002184081206370437	0.0	5.207147519133912e-05	0.00015127622450849921	0.0004539019757757724	0.0002803454262524438	0.0014492680972762644	1.4896528341725168e-05	8.945937463424162e-05	0.0002765068289464487	0.001482756296934819	0.00016709559677909614	0.0005318173590280236	1.4529653151389142e-05	0.0
	1	2	3	4	5	6	7	8	9	10	11	12	13	14	15	16	17	18	19	20	21	22	23	24	25	26	27	28	29	30	31	32	33	34	35	36	37	38	39	40	41	42	43	44	45	46	47	48	49	50	51	52	53	54	55	56	57	58	59
SRR27320658_1	0.0025389245276537706	0.04341446058825158	0.0	7.658897519317559e-06	0.0	0.0	7.658897519317559e-06	1.9147243798293895e-05	0.0007084480205368742	0.0	0.0	0.0	0.0	0.0	0.0001838135404636214	0.00014934850162669238	0.0	0.0	0.0	0.00023742582309884433	0.0	3.8294487596587795e-06	1.1488346278976338e-05	0.0	0.0	7.658897519317559e-06	0.00014551905286703363	0.0002680614131761145	0.00016466629666532753	4.978283387556413e-05	0.0010990517940220696	6.127118015454047e-05	0.0	0.0004250688123221245	0.0	4.978283387556413e-05	3.8294487596587795e-06	0.0012101058080521742	0.0	0.0	0.0	8.041842395283436e-05	0.0005399522751118879	0.0	6.893007767385803e-05	1.9147244531527813e-05	4.595339743423801e-05	0.0020908828660995164	0.00034465309402358514	0.0006510224940143269	0.0004404014485148304	0.0005093344733234537	0.0013786585193054318	0.000497869863787784	0.00033727310478864566	0.000265657905846449	0.00017648249907376102	0.0007254229258079854	3.380331395295446e-05
	1	2	3	4	5	6	7	8	9	10	11	12	13	14	15	16	17	18	19	20	21	22	23	24	25	26	27	28	29	30	31	32	33	34	35	36	37	38	39	40	41	42	43	44	45	46	47	48	49	50	51	52	53	54	55	56	57	58	59
SRR27320658_1_val_1	0.0025416845856068887	0.04343482104815392	0.0	7.667223485993632e-06	0.0	0.0	7.667223485993632e-06	1.9168058714984077e-05	0.000709218172454411	0.0	0.0	0.0	0.0	0.0	0.00018401336366384715	0.0001495108579768758	0.0	0.0	0.0	0.0002261830928368121	0.0	3.833662887774042e-06	1.1501048627277005e-05	0.0	0.0	7.667528599114922e-06	0.00013418286164351462	0.0002568664228659269	0.00015718809061747736	4.2172726606328486e-05	0.0010811676656796475	5.367564490233007e-05	0.0	0.00041024302451708164	0.0	4.217528785784198e-05	3.83415956276778e-06	0.0011962736994472756	0.0	0.0	0.0	4.984812044594282e-05	0.0005099959004765624	0.0	6.902560654430241e-05	0.0	1.9175047280872833e-05	0.001963623190067718	0.00023780200375036773	0.0005869015091040699	0.00031459231464019404	0.0003914296103068789	0.0012212467908188202	0.00035797327540889495	0.00022099504063866171	0.00010720650462363787	6.866422925818857e-05	0.0003885504790553779	0.0
	1	2	3	4	5	6	7	8	9	10	11	12	13	14	15	16	17	18	19	20	21	22	23	24	25	26	27	28	29	30	31	32	33	34	35	36	37	38	39	40	41	42	43	44	45	46	47	48	49	50	51	52	53	54	55	56	57	58	59
SRR27320658_2	0.028912338135423783	0.00039443322224485427	3.829448759658779e-05	0.0	3.8294487596587795e-06	5.7441731394881685e-05	0.00043655715860110085	0.00010339511651078704	0.0	0.00022976692557952674	0.0	0.00038294487596587793	0.0005820762114681345	0.00016083684790566872	1.1488346278976338e-05	0.0004250688123221245	0.0008731143172022017	8.041842395283436e-05	0.0004710221974380299	6.127118015454047e-05	0.0007007891230175566	0.00020679023302157409	0.0005399522751118879	0.00028337920821474964	0.0004901694412363238	7.275952643351681e-05	0.003611170180358229	0.00025274361813747945	0.0004442160561204184	8.041842395283436e-05	7.658897519317559e-06	2.6806141317611452e-05	2.2976692557952675e-05	9.956566775112826e-05	0.00033699149084997256	0.00015317795038635116	0.0007544014056527795	0.0003063559007727023	0.0021904446905248215	0.00023359637433918552	0.0006969596742578978	0.00021444913054089162	3.8294487596587795e-06	0.00011488346278976337	0.0024202116161043483	1.9147243798293895e-05	0.00016083694645236394	0.00042124071858305344	0.0007773923877354441	0.000539980397562674	0.0017578432649499112	0.00017233808980078293	0.00025659663021220045	0.0005170753406731731	0.0018287235187799554	0.0004504930993505545	0.0008096224333642418	0.00034019816372938156	8.710547462553648e-05
	1	2	3	4	5	6	7	8	9	10	11	12	13	14	15	16	17	18	19	20	21	22	23	24	25	26	27	28	29	30	31	32	33	34	35	36	37	38	39	40	41	42	43	44	45	46	47	48	49	50	51	52	53	54	55	56	57	58	59
SRR27320658_2_val_2	0.028859429201280026	0.000394862009528672	3.8336117429968154e-05	0.0	3.833611742996816e-06	5.750417614495224e-05	0.00040636284475766243	8.433945834592994e-05	0.0	0.00023001670457980895	0.0	0.00032202338641173253	0.0005098703618185765	0.00011117474054690764	7.667223485993632e-06	0.0003680267273276943	0.0008012248542863345	4.216972917296497e-05	0.00039869562127166884	6.133778788794906e-05	0.0006478997830149123	0.0001571925382005664	0.00046775566575759763	0.00022238141664323994	0.00041410741256102813	4.218198350730462e-05	0.0035203959778210454	0.0002377721182048036	0.0004256997958136682	5.369456582612427e-05	0.0	1.5342459616440813e-05	1.1507549163222809e-05	6.137625118844562e-05	0.00029538327072678515	8.439958137807637e-05	0.0006330515767837657	0.00014196336562449953	0.001987607001748557	0.0001611725007786167	0.0005219209484715891	0.00017654398267105673	3.838274606516399e-06	1.1516086225851103e-05	0.0021652251027906065	0.0	2.3038728409639648e-05	0.00014593105993991558	0.0004609144188702665	0.0002458784150446855	0.001418074711093218	7.68983659289486e-06	6.928174727334947e-05	0.00021228750985207033	0.001428000672989091	0.0001277905870092562	0.0005595738250774846	5.676784228894298e-06	0.0
	1	2	3	4	5	6	7	8	9	10	11	12	13	14	15	16	17	18	19	20	21	22	23	24	25	26	27	28	29	30	31	32	33	34	35	36	37	38	39	40	41	42	43	44	45	46	47	48	49	50	51	52	53	54	55	56	57	58	59
SRR27320659_1	0.0024561157480199546	0.042051078492309386	0.0	3.961477012935411e-06	0.0	0.0	3.961477012935411e-06	1.9807385064677056e-05	0.0007368347244059864	0.0	0.0	0.0	0.0	0.0	0.00017430498856915808	0.00016638203454328728	0.0	0.0	0.0	0.00030899520700896206	0.0	1.5845908051741643e-05	7.922954025870822e-06	0.0	0.0	0.0	0.00012280578740099773	0.0003288025920736391	0.00016242055753035184	4.753772415522493e-05	0.001176558672841817	9.903692532338528e-05	0.0	0.0003604944081771224	0.0	0.0001109213563621915	3.961477012935411e-06	0.0011171365176477859	0.0	0.0	0.0	3.961477012935411e-05	0.0005347993967462804	0.0	7.130658623283739e-05	1.1884431038806232e-05	1.980738977266821e-05	0.002131278601174509	0.0003248435600952663	0.0006298907650566077	0.0004991625755473645	0.0005823575839576412	0.0015608858177558053	0.000546729700639341	0.0003251149172199931	0.00027889262892758014	0.00017455416025890524	0.0007523629476295551	1.7751987690061655e-05
	1	2	3	4	5	6	7	8	9	10	11	12	13	14	15	16	17	18	19	20	21	22	23	24	25	26	27	28	29	30	31	32	33	34	35	36	37	38	39	40	41	42	43	44	45	46	47	48	49	50	51	52	53	54	55	56	57	58	59
SRR27320659_1_val_1	0.002456042103624265	0.042046329841851915	0.0	3.967757841073126e-06	0.0	0.0	3.967757841073126e-06	1.5871031364292505e-05	0.0007380029584396014	0.0	0.0	0.0	0.0	0.0	0.00017458134500721755	0.0001666458293250713	0.0	0.0	0.0	0.00030948511160370384	0.0	1.5871168645331875e-05	7.935618643371077e-06	0.0	0.0	0.0	0.00011110153962529657	0.00031743528793979616	0.00015078295836719834	4.36480846982354e-05	0.0011626369128966314	9.52339986645019e-05	0.0	0.0003452318344861762	0.0	0.00010714400511434051	3.96836971237058e-06	0.0011111650378905294	0.0	0.0	0.0	3.175162986077267e-05	0.0005080513235034663	0.0	6.351393799475621e-05	0.0	1.1910582492992111e-05	0.002017053071961902	0.00023826439636171856	0.0005878145254529646	0.00036150418953561367	0.00044906068228531515	0.001407978353088516	0.0004066650487776785	0.00021272055258217263	0.00013967607884878976	6.63838654988535e-05	0.00035888511218384113	0.0
	1	2	3	4	5	6	7	8	9	10	11	12	13	14	15	16	17	18	19	20	21	22	23	24	25	26	27	28	29	30	31	32	33	34	35	36	37	38	39	40	41	42	43	44	45	46	47	48	49	50	51	52	53	54	55	56	57	58	59
SRR27320659_2	0.02888312890131208	0.00041199360934528277	3.5653293116418696e-05	0.0	3.961477012935411e-05	7.526806324577281e-05	0.00047537724155224926	9.111397129751444e-05	3.961477012935411e-06	0.0002773033909054788	0.0	0.0003961477012935411	0.0006219518910308595	0.0001861894196079643	7.922954025870822e-06	0.0003684173622029932	0.0009349085750527571	6.734510921990199e-05	0.0005149920116816034	8.319101727164364e-05	0.0007209888163542448	0.00024561157480199546	0.0006179904140179241	0.00030899520700896206	0.0005427223507721513	7.130658623283739e-05	0.0038069794094309304	0.00028126486791841415	0.00048726167259105556	7.922954025870822e-05	0.0	1.1884431038806232e-05	1.9807385064677056e-05	0.0001069598793492561	0.00033276406908657456	0.00015053612649154561	0.0007368347244059864	0.00030899520700896206	0.0022897337134766675	0.0002535345288278663	0.0007526806324577282	0.0002139197586985122	1.1884431038806232e-05	0.00012280578740099773	0.002475923133084632	1.1884431038806232e-05	0.00011488291074314864	0.00043972602137361613	0.0008715396508548773	0.0006180194015306122	0.0018857808675883513	0.00015054587140625217	0.0002892116411568133	0.0005626242825153648	0.0019748194656130594	0.00041397478567152063	0.0008918539880973977	0.00040522146594921843	8.374686338087044e-05
	1	2	3	4	5	6	7	8	9	10	11	12	13	14	15	16	17	18	19	20	21	22	23	24	25	26	27	28	29	30	31	32	33	34	35	36	37	38	39	40	41	42	43	44	45	46	47	48	49	50	51	52	53	54	55	56	57	58	59
SRR27320659_2_val_2	0.028825760715396262	0.0004126468154716051	3.5709820569658134e-05	0.0	3.967757841073126e-05	7.538739898038939e-05	0.00043248560467697074	7.935515682146252e-05	3.967757841073126e-06	0.00027377529103404574	0.0	0.0003372594164912157	0.0005515183399091645	0.0001349037665964863	0.0	0.00030948511160370384	0.0008610034515128685	3.5709820569658134e-05	0.00044042112035911696	8.332291466253565e-05	0.0006666113008947312	0.00021428805274660735	0.0005397078759689394	0.00024605206485503825	0.0004683255923346372	3.1755795392964474e-05	0.0037235316641907957	0.00028186406791701305	0.0004644959724427641	5.955517761398692e-05	0.0	7.941522756016527e-06	0.0	8.736925687125449e-05	0.0002978632600323622	0.00011518305268055789	0.0006315893337828873	0.0001827354778030222	0.0021254809248217794	0.00019867038651800507	0.0006000343251423879	0.0001867859065502956	3.974692180957718e-06	4.3728875723051995e-05	0.0022702637239330682	3.976465369241452e-06	2.386227648503895e-05	0.00018695536074806964	0.0005609874748207138	0.0003462446228608052	0.0015566446051774002	1.1950004051051374e-05	9.968611633178379e-05	0.0002798553819328324	0.0015551822580940186	0.00013627273906801504	0.0006111753044911319	4.069167949326535e-05	0.0
	1	2	3	4	5	6	7	8	9	10	11	12	13	14	15	16	17	18	19	20	21	22	23	24	25	26	27	28	29	30	31	32	33	34	35	36	37	38	39	40	41	42	43	44	45	46	47	48	49	50	51	52	53	54	55	56	57	58	59
SRR27320660_1	0.002602848464584845	0.04336190917337089	0.0	0.0	0.0	0.0	5.154155375415535e-06	5.154155375415535e-06	0.0007370442186844214	0.0	0.0	0.0	0.0	0.0	0.00015977881663788157	0.00016493297201329712	0.0	0.0	0.0	0.0002577077687707767	0.0	1.5462466126246605e-05	1.030831075083107e-05	1.030831075083107e-05	0.0	0.0	0.0001185455736345573	0.00031955763327576314	0.00012369972900997284	4.638739837873981e-05	0.0010102144535814447	8.246648600664856e-05	0.0	0.000376253342405334	0.0	6.184986450498642e-05	0.0	0.0010617560073356	0.0	0.0	0.0	5.669570912957088e-05	0.0005102613821661378	5.154155375415535e-06	8.762064138206408e-05	2.0616624689500747e-05	4.123326000513457e-05	0.0020358952558177127	0.000319560235635471	0.0006288241658157783	0.0004175029611784098	0.000546362575689257	0.0013298362420064856	0.0005000027835206505	0.00029405916903831405	0.00017620482380398643	0.00017942465689519985	0.000741554633923569	3.0553025807453455e-05
	1	2	3	4	5	6	7	8	9	10	11	12	13	14	15	16	17	18	19	20	21	22	23	24	25	26	27	28	29	30	31	32	33	34	35	36	37	38	39	40	41	42	43	44	45	46	47	48	49	50	51	52	53	54	55	56	57	58	59
SRR27320660_1_val_1	0.0026061037737105126	0.04335937407270441	0.0	0.0	0.0	0.0	5.1606015321000255e-06	5.1606015321000255e-06	0.0007379660190903036	0.0	0.0	0.0	0.0	0.0	0.0001599786474951008	0.00016513924902720082	0.0	0.0	0.0	0.0002580300766050013	0.0	1.5481954002185744e-05	1.0321352737132434e-05	1.0321409731169594e-05	0.0	0.0	9.805558864214891e-05	0.0002993306759650472	0.00010321810837849772	3.0965653052462475e-05	0.0009909083130085307	6.193228416947336e-05	0.0	0.0003561170483450054	0.0	5.677341996475506e-05	0.0	0.0010425893625536377	0.0	0.0	0.0	3.613200114301004e-05	0.0004645652830363987	0.0	7.227034021624008e-05	0.0	2.0650339063079663e-05	0.0019464027791946993	0.00023751287668315952	0.000583522039885642	0.0002995519477564876	0.0004442872563019822	0.00120461154250508	0.00037825421688682275	0.0001825746954810572	8.005636822257463e-05	6.31880786843231e-05	0.00044542457322666805	0.0
	1	2	3	4	5	6	7	8	9	10	11	12	13	14	15	16	17	18	19	20	21	22	23	24	25	26	27	28	29	30	31	32	33	34	35	36	37	38	39	40	41	42	43	44	45	46	47	48	49	50	51	52	53	54	55	56	57	58	59
SRR27320660_2	0.028703491285689112	0.0004329490515349049	4.638739837873981e-05	0.0	2.061662150166214e-05	0.00010823726288372622	0.0004020241192824117	0.00016493297201329712	0.0	0.0002731702348970233	5.154155375415535e-06	0.0004020241192824117	0.0006442694219269418	0.00016493297201329712	5.154155375415535e-06	0.00034532841015284083	0.0008762064138206409	4.638739837873981e-05	0.000443257362285736	7.731233063123301e-05	0.0007009651310565127	0.0002577077687707767	0.0005566487805448777	0.0002834785456478544	0.00047933644991364466	6.184986450498642e-05	0.0035924462966646273	0.00029378685639868546	0.0003917158085315806	9.792895213289515e-05	0.0	3.092493225249321e-05	4.123324300332428e-05	0.00013916219513621943	0.000298941011774101	0.00015977881663788157	0.0007885857724385767	0.00033502009940200974	0.002102895393169538	0.000298941011774101	0.0007112734418073438	0.0002628619241461923	2.061662150166214e-05	0.00015462466126246602	0.002345140695814068	2.5770776877077675e-05	0.00014947059833441304	0.00041748776889691377	0.0007989114187635944	0.0005566795385064773	0.0018144025002466454	0.00016494608994778323	0.00025258079582847866	0.0005464659198333464	0.0019404509659652642	0.0004042845663692981	0.0007508854499392867	0.00036505637069284106	7.841070287275645e-05
	1	2	3	4	5	6	7	8	9	10	11	12	13	14	15	16	17	18	19	20	21	22	23	24	25	26	27	28	29	30	31	32	33	34	35	36	37	38	39	40	41	42	43	44	45	46	47	48	49	50	51	52	53	54	55	56	57	58	59
SRR27320660_2_val_2	0.02863617790162304	0.00042832992716430206	4.644541378890023e-05	0.0	2.0642406128400102e-05	0.00010837263217410054	0.00039220571643960194	0.00014965744443090075	0.0	0.0002683512796692013	5.1606015321000255e-06	0.00034576030265070167	0.0005883085746594029	0.00011869383523830058	0.0	0.0002889936857976014	0.000830856846668104	3.0963609192600155e-05	0.00040252691950380193	7.740902298150039e-05	0.0006605820863556254	0.00022709656321351544	0.0004954961464851775	0.00022194651532873608	0.0004181092295392829	3.097564931930494e-05	0.003536528493035646	0.00029430115248331315	0.00038208612933894294	6.712790421777532e-05	0.0	2.065644317324693e-05	1.5493597348363776e-05	9.813053075292045e-05	0.00027890671871823563	0.00011363562406566982	0.0007128847776215343	0.00019114349529644937	0.0019529068398340505	0.00021701322731789373	0.0005839033151188225	0.00023254568902667536	1.550451698261427e-05	7.236390068922997e-05	0.002160836766978775	0.0	4.136324357733528e-05	0.00017581593850082576	0.0005016715489134932	0.00028451415328587985	0.0015057070176657723	1.0352819427314123e-05	8.80739572561543e-05	0.0002648656082290732	0.001579936935404697	0.0001447970246034814	0.0005078312244522952	2.2598647049132698e-05	0.0

