	44	45	46	47	48	49	50	51	52	53	54	55	56	57
SRR17866817_1	3.0	17.0	79.0	261.0	6.0	54.0	194.0	1062.0	22866.0	113260.0	492308.0	2080461.0	6327628.0	18901516.0
	20	21	22	23	24	25	26	27	28	29	30	31	32	33	34	35	36	37	38	39	40	41	42	43	44	45	46	47	48	49	50	51	52	53	54	55	56	57
SRR17866817_1_val_1	116.0	122.0	112.0	132.0	132.0	138.0	207.0	239.0	161.0	176.0	234.0	207.0	225.0	215.0	290.0	252.0	233.0	346.0	344.0	401.0	472.0	447.0	596.0	709.0	681.0	912.0	1535.0	2032.0	2672.0	5866.0	16960.0	64637.0	176681.0	580883.0	1953795.0	5370379.0	10322208.0	9398827.0
	44	45	46	47	48	49	50	51	52	53	54	55	56	57
SRR17866817_2	5.0	29.0	144.0	396.0	20.0	104.0	591.0	3948.0	28664.0	109436.0	606750.0	2005164.0	6862764.0	18321700.0
	20	21	22	23	24	25	26	27	28	29	30	31	32	33	34	35	36	37	38	39	40	41	42	43	44	45	46	47	48	49	50	51	52	53	54	55	56	57
SRR17866817_2_val_2	951.0	1542.0	716.0	649.0	1338.0	2593.0	945.0	1446.0	771.0	1495.0	646.0	1455.0	1518.0	944.0	862.0	1425.0	1894.0	1049.0	1796.0	2172.0	1516.0	1809.0	1934.0	2645.0	2583.0	2558.0	3437.0	4624.0	5569.0	11241.0	22794.0	65354.0	203235.0	671663.0	2191629.0	5631954.0	11167762.0	7886060.0
	44	45	46	47	48	49	50	51	52	53	54	55	56	57
SRR17866818_1	2.0	10.0	44.0	145.0	6.0	23.0	226.0	676.0	17404.0	82631.0	365525.0	1613970.0	4719124.0	14187989.0
	20	21	22	23	24	25	26	27	28	29	30	31	32	33	34	35	36	37	38	39	40	41	42	43	44	45	46	47	48	49	50	51	52	53	54	55	56	57
SRR17866818_1_val_1	73.0	76.0	107.0	90.0	110.0	136.0	130.0	147.0	108.0	119.0	151.0	177.0	146.0	161.0	188.0	179.0	205.0	246.0	284.0	320.0	494.0	439.0	507.0	580.0	600.0	799.0	1229.0	1479.0	2110.0	4760.0	12392.0	51018.0	131345.0	427815.0	1474663.0	4011779.0	7645504.0	7183259.0
	44	45	46	47	48	49	50	51	52	53	54	55	56	57
SRR17866818_2	3.0	21.0	78.0	328.0	16.0	59.0	369.0	2678.0	19239.0	76680.0	422932.0	1483222.0	5148247.0	13833903.0
	20	21	22	23	24	25	26	27	28	29	30	31	32	33	34	35	36	37	38	39	40	41	42	43	44	45	46	47	48	49	50	51	52	53	54	55	56	57
SRR17866818_2_val_2	853.0	1589.0	537.0	592.0	1121.0	2605.0	829.0	1270.0	615.0	1469.0	545.0	1185.0	1419.0	749.0	710.0	1202.0	1721.0	957.0	1495.0	2352.0	1402.0	1732.0	1833.0	2405.0	2356.0	2151.0	2825.0	3678.0	4426.0	8737.0	17274.0	49264.0	154077.0	507305.0	1647587.0	4276522.0	8445999.0	5800537.0
	44	45	46	47	48	49	50	51	52	53	54	55	56	57
SRR17866819_1	3.0	13.0	111.0	199.0	4.0	35.0	172.0	1041.0	24480.0	107845.0	466652.0	1950233.0	5915657.0	18386229.0
	20	21	22	23	24	25	26	27	28	29	30	31	32	33	34	35	36	37	38	39	40	41	42	43	44	45	46	47	48	49	50	51	52	53	54	55	56	57
SRR17866819_1_val_1	104.0	104.0	106.0	149.0	167.0	135.0	160.0	156.0	168.0	168.0	183.0	196.0	190.0	218.0	253.0	213.0	285.0	288.0	333.0	391.0	443.0	454.0	546.0	627.0	694.0	968.0	1454.0	1914.0	2728.0	6732.0	16992.0	57945.0	175888.0	555208.0	1915311.0	5304471.0	10068356.0	8713708.0
	44	45	46	47	48	49	50	51	52	53	54	55	56	57
SRR17866819_2	4.0	25.0	134.0	536.0	10.0	66.0	668.0	4058.0	31974.0	111771.0	598405.0	1967165.0	6304341.0	17833517.0
	20	21	22	23	24	25	26	27	28	29	30	31	32	33	34	35	36	37	38	39	40	41	42	43	44	45	46	47	48	49	50	51	52	53	54	55	56	57
SRR17866819_2_val_2	688.0	1260.0	566.0	581.0	868.0	1718.0	661.0	989.0	611.0	1031.0	582.0	894.0	1089.0	721.0	714.0	1062.0	1378.0	914.0	1357.0	1524.0	1234.0	1566.0	1709.0	2044.0	2097.0	2081.0	2816.0	4043.0	5010.0	10193.0	20553.0	65109.0	195051.0	655280.0	2157720.0	5394163.0	10563336.0	7725193.0
	44	45	46	47	48	49	50	51	52	53	54	55	56	57
SRR17866820_1	6.0	8.0	90.0	279.0	12.0	36.0	206.0	1049.0	22349.0	118490.0	500112.0	2220445.0	6416734.0	19951774.0
	20	21	22	23	24	25	26	27	28	29	30	31	32	33	34	35	36	37	38	39	40	41	42	43	44	45	46	47	48	49	50	51	52	53	54	55	56	57
SRR17866820_1_val_1	132.0	111.0	113.0	136.0	149.0	142.0	151.0	171.0	153.0	166.0	210.0	224.0	207.0	200.0	211.0	210.0	272.0	262.0	303.0	398.0	424.0	428.0	536.0	604.0	651.0	989.0	1495.0	1971.0	2643.0	6170.0	16172.0	63022.0	181991.0	598912.0	2034568.0	5525323.0	10665168.0	10090989.0
	44	45	46	47	48	49	50	51	52	53	54	55	56	57
SRR17866820_2	7.0	34.0	161.0	503.0	18.0	103.0	626.0	3655.0	26192.0	103488.0	578477.0	2027197.0	7148887.0	19342242.0
	20	21	22	23	24	25	26	27	28	29	30	31	32	33	34	35	36	37	38	39	40	41	42	43	44	45	46	47	48	49	50	51	52	53	54	55	56	57
SRR17866820_2_val_2	1067.0	2584.0	756.0	792.0	1659.0	3217.0	953.0	1630.0	669.0	1762.0	687.0	1387.0	1851.0	939.0	859.0	1712.0	2683.0	1268.0	2027.0	3059.0	1578.0	2010.0	2776.0	3444.0	2911.0	2616.0	3454.0	4585.0	5316.0	10666.0	20711.0	64657.0	203229.0	693164.0	2255521.0	5904416.0	11874170.0	8109192.0
	44	45	46	47	48	49	50	51	52	53	54	55	56	57
SRR17866821_1	3.0	10.0	65.0	213.0	6.0	24.0	182.0	1131.0	21617.0	109344.0	455822.0	1929607.0	5889527.0	17967924.0
	20	21	22	23	24	25	26	27	28	29	30	31	32	33	34	35	36	37	38	39	40	41	42	43	44	45	46	47	48	49	50	51	52	53	54	55	56	57
SRR17866821_1_val_1	90.0	97.0	111.0	113.0	127.0	143.0	162.0	149.0	133.0	180.0	223.0	232.0	211.0	213.0	271.0	225.0	252.0	323.0	300.0	425.0	458.0	438.0	582.0	714.0	746.0	969.0	1618.0	2177.0	2835.0	6686.0	18109.0	64988.0	174107.0	557801.0	1875327.0	5145767.0	9802929.0	8687029.0
	44	45	46	47	48	49	50	51	52	53	54	55	56	57
SRR17866821_2	2.0	46.0	108.0	337.0	25.0	93.0	848.0	4856.0	30575.0	108332.0	595373.0	1904797.0	6421531.0	17308552.0
	20	21	22	23	24	25	26	27	28	29	30	31	32	33	34	35	36	37	38	39	40	41	42	43	44	45	46	47	48	49	50	51	52	53	54	55	56	57
SRR17866821_2_val_2	838.0	1831.0	595.0	574.0	1192.0	2532.0	690.0	1076.0	498.0	1143.0	464.0	1154.0	1196.0	604.0	516.0	1083.0	1583.0	709.0	1344.0	1671.0	948.0	1204.0	1365.0	1974.0	1583.0	1399.0	1860.0	2689.0	3404.0	8487.0	16982.0	55030.0	177259.0	609281.0	2028700.0	5277699.0	10503552.0	7632551.0
	43	44	45	46	47	48	49	50	51	52	53	54	55	56	57
SRR17866822_1	1.0	2.0	7.0	62.0	221.0	7.0	16.0	211.0	798.0	20455.0	101124.0	404111.0	1799648.0	5218028.0	15757613.0
	20	21	22	23	24	25	26	27	28	29	30	31	32	33	34	35	36	37	38	39	40	41	42	43	44	45	46	47	48	49	50	51	52	53	54	55	56	57
SRR17866822_1_val_1	90.0	95.0	92.0	105.0	111.0	123.0	137.0	149.0	121.0	144.0	201.0	182.0	179.0	215.0	214.0	221.0	269.0	299.0	323.0	421.0	509.0	516.0	501.0	649.0	650.0	910.0	1449.0	1790.0	2562.0	5644.0	14647.0	59412.0	152590.0	481945.0	1658739.0	4405156.0	8496573.0	7986822.0
	44	45	46	47	48	49	50	51	52	53	54	55	56	57
SRR17866822_2	6.0	30.0	135.0	311.0	20.0	55.0	388.0	2969.0	21601.0	81291.0	457535.0	1600860.0	5687146.0	15449957.0
	20	21	22	23	24	25	26	27	28	29	30	31	32	33	34	35	36	37	38	39	40	41	42	43	44	45	46	47	48	49	50	51	52	53	54	55	56	57
SRR17866822_2_val_2	824.0	1860.0	581.0	546.0	1121.0	2465.0	691.0	1162.0	518.0	1309.0	548.0	1009.0	1301.0	699.0	628.0	1115.0	1793.0	887.0	1493.0	1854.0	1090.0	1397.0	1538.0	2074.0	1812.0	1591.0	2251.0	2880.0	3515.0	7359.0	14914.0	47056.0	160126.0	534969.0	1777326.0	4680473.0	9445132.0	6566848.0
	45	46	47	48	49	50	51	52	53	54	55	56	57	58	59
SRR27320655_1	1.0	12.0	40.0	112.0	350.0	211.0	30.0	138.0	849.0	15003.0	99406.0	373407.0	1462728.0	4535897.0	13194470.0
	20	21	22	23	24	25	26	27	28	29	30	31	32	33	34	35	36	37	38	39	40	41	42	43	44	45	46	47	48	49	50	51	52	53	54	55	56	57	58	59
SRR27320655_1_val_1	97.0	103.0	103.0	129.0	117.0	159.0	194.0	150.0	171.0	186.0	213.0	203.0	204.0	244.0	282.0	261.0	345.0	423.0	538.0	591.0	726.0	804.0	1033.0	1137.0	1276.0	1326.0	1484.0	1936.0	2565.0	3394.0	4219.0	7295.0	17731.0	47002.0	135847.0	464587.0	1381221.0	3740990.0	7280720.0	6557511.0
	45	46	47	48	49	50	51	52	53	54	55	56	57	58	59
SRR27320655_2	1.0	13.0	72.0	264.0	534.0	333.0	40.0	310.0	1775.0	18576.0	78903.0	365966.0	1358186.0	4895349.0	12962332.0
	20	21	22	23	24	25	26	27	28	29	30	31	32	33	34	35	36	37	38	39	40	41	42	43	44	45	46	47	48	49	50	51	52	53	54	55	56	57	58	59
SRR27320655_2_val_2	627.0	1399.0	524.0	544.0	934.0	2413.0	665.0	1108.0	590.0	1246.0	634.0	997.0	1378.0	904.0	725.0	1160.0	1977.0	1039.0	1524.0	2207.0	1429.0	1754.0	2307.0	2889.0	2820.0	2394.0	2673.0	3360.0	4093.0	5530.0	6596.0	10216.0	19819.0	53036.0	151544.0	482074.0	1560565.0	3945950.0	7968651.0	5407222.0
	46	47	48	49	50	51	52	53	54	55	56	57	58	59
SRR27320656_1	6.0	59.0	203.0	597.0	286.0	44.0	227.0	1485.0	23030.0	139640.0	526391.0	2102124.0	6689514.0	19549701.0
	20	21	22	23	24	25	26	27	28	29	30	31	32	33	34	35	36	37	38	39	40	41	42	43	44	45	46	47	48	49	50	51	52	53	54	55	56	57	58	59
SRR27320656_1_val_1	146.0	159.0	171.0	156.0	176.0	223.0	267.0	311.0	243.0	192.0	269.0	236.0	246.0	278.0	325.0	280.0	327.0	403.0	434.0	488.0	632.0	611.0	819.0	929.0	1054.0	1192.0	1340.0	1754.0	2783.0	3730.0	4726.0	8784.0	22939.0	64257.0	198072.0	658953.0	1988262.0	5579558.0	10855014.0	9597736.0
	45	46	47	48	49	50	51	52	53	54	55	56	57	58	59
SRR27320656_2	3.0	28.0	93.0	570.0	1156.0	691.0	57.0	652.0	3397.0	31735.0	133921.0	585918.0	2087617.0	7215340.0	18972129.0
	20	21	22	23	24	25	26	27	28	29	30	31	32	33	34	35	36	37	38	39	40	41	42	43	44	45	46	47	48	49	50	51	52	53	54	55	56	57	58	59
SRR27320656_2_val_2	982.0	2328.0	728.0	771.0	1566.0	3996.0	1086.0	1821.0	726.0	1962.0	782.0	1567.0	2235.0	1228.0	926.0	1584.0	3021.0	1204.0	1999.0	3234.0	1699.0	2197.0	2715.0	3581.0	3226.0	2611.0	2912.0	3880.0	4740.0	6752.0	7843.0	12431.0	26289.0	73467.0	217447.0	713433.0	2286897.0	5779919.0	11651736.0	8160954.0
	45	46	47	48	49	50	51	52	53	54	55	56	57	58	59
SRR27320657_1	2.0	13.0	68.0	183.0	568.0	277.0	50.0	226.0	1352.0	27411.0	228022.0	777207.0	3082317.0	9150267.0	27213865.0
	20	21	22	23	24	25	26	27	28	29	30	31	32	33	34	35	36	37	38	39	40	41	42	43	44	45	46	47	48	49	50	51	52	53	54	55	56	57	58	59
SRR27320657_1_val_1	163.0	163.0	175.0	185.0	170.0	215.0	265.0	288.0	231.0	280.0	323.0	331.0	329.0	348.0	385.0	346.0	423.0	486.0	528.0	586.0	658.0	750.0	894.0	927.0	986.0	1115.0	1346.0	1958.0	2707.0	3660.0	4748.0	9640.0	28109.0	83468.0	250309.0	953280.0	2743877.0	7453034.0	14610000.0	14265150.0
	45	46	47	48	49	50	51	52	53	54	55	56	57	58	59
SRR27320657_2	1.0	22.0	119.0	406.0	991.0	573.0	65.0	574.0	3133.0	30503.0	139336.0	684163.0	2671903.0	10308393.0	26641646.0
	20	21	22	23	24	25	26	27	28	29	30	31	32	33	34	35	36	37	38	39	40	41	42	43	44	45	46	47	48	49	50	51	52	53	54	55	56	57	58	59
SRR27320657_2_val_2	1906.0	4795.0	1319.0	1242.0	3189.0	8560.0	1805.0	2882.0	1167.0	3038.0	1233.0	3258.0	4413.0	2132.0	1576.0	3162.0	5264.0	1972.0	3477.0	5832.0	2674.0	3333.0	4968.0	7035.0	5276.0	3796.0	4350.0	5595.0	6512.0	9658.0	11215.0	18361.0	36111.0	98056.0	285472.0	958314.0	3173337.0	8196644.0	16796638.0	10733269.0
	45	46	47	48	49	50	51	52	53	54	55	56	57	58	59
SRR27320658_1	1.0	6.0	41.0	157.0	445.0	230.0	32.0	167.0	1099.0	19626.0	118362.0	474974.0	1925823.0	5822717.0	17749739.0
	20	21	22	23	24	25	26	27	28	29	30	31	32	33	34	35	36	37	38	39	40	41	42	43	44	45	46	47	48	49	50	51	52	53	54	55	56	57	58	59
SRR27320658_1_val_1	191.0	157.0	136.0	196.0	165.0	193.0	216.0	212.0	195.0	193.0	297.0	318.0	236.0	256.0	241.0	236.0	289.0	347.0	361.0	413.0	508.0	488.0	577.0	666.0	696.0	790.0	934.0	1306.0	2139.0	3000.0	3629.0	7156.0	19362.0	59370.0	187159.0	607395.0	1883241.0	5028754.0	9747272.0	8525772.0
	46	47	48	49	50	51	52	53	54	55	56	57	58	59
SRR27320658_2	16.0	68.0	396.0	880.0	516.0	78.0	444.0	2640.0	24613.0	112227.0	527582.0	1928253.0	6295204.0	17220502.0
	20	21	22	23	24	25	26	27	28	29	30	31	32	33	34	35	36	37	38	39	40	41	42	43	44	45	46	47	48	49	50	51	52	53	54	55	56	57	58	59
SRR27320658_2_val_2	781.0	1618.0	670.0	677.0	1126.0	2706.0	872.0	1225.0	674.0	1311.0	734.0	1229.0	1596.0	1128.0	888.0	1347.0	2253.0	1165.0	1572.0	2454.0	1450.0	1756.0	2457.0	2856.0	2417.0	2307.0	2689.0	3411.0	4491.0	6077.0	7929.0	12841.0	27486.0	72609.0	207992.0	659300.0	2166417.0	5258944.0	10479448.0	7136159.0
	46	47	48	49	50	51	52	53	54	55	56	57	58	59
SRR27320659_1	6.0	41.0	143.0	448.0	195.0	54.0	146.0	1085.0	19141.0	122586.0	465077.0	1905796.0	5828876.0	16899516.0
	20	21	22	23	24	25	26	27	28	29	30	31	32	33	34	35	36	37	38	39	40	41	42	43	44	45	46	47	48	49	50	51	52	53	54	55	56	57	58	59
SRR27320659_1_val_1	92.0	126.0	109.0	124.0	161.0	167.0	201.0	184.0	200.0	223.0	231.0	249.0	278.0	349.0	371.0	356.0	465.0	488.0	601.0	671.0	922.0	1026.0	1252.0	1411.0	1573.0	1734.0	1902.0	2428.0	3148.0	4099.0	5411.0	8962.0	21205.0	60365.0	166750.0	573282.0	1746183.0	4762847.0	9344329.0	8488676.0
	46	47	48	49	50	51	52	53	54	55	56	57	58	59
SRR27320659_2	17.0	102.0	307.0	758.0	393.0	57.0	445.0	2163.0	21373.0	95192.0	454588.0	1717302.0	6233369.0	16717044.0
	20	21	22	23	24	25	26	27	28	29	30	31	32	33	34	35	36	37	38	39	40	41	42	43	44	45	46	47	48	49	50	51	52	53	54	55	56	57	58	59
SRR27320659_2_val_2	1058.0	2368.0	908.0	898.0	1773.0	3894.0	1114.0	1691.0	854.0	1866.0	948.0	1692.0	2225.0	1380.0	1143.0	2024.0	2729.0	1587.0	2225.0	3460.0	2087.0	2729.0	3317.0	4178.0	3740.0	3301.0	3672.0	4599.0	5440.0	7507.0	8615.0	13535.0	25876.0	65799.0	192677.0	604100.0	1963934.0	5049674.0	10258589.0	6943945.0
	45	46	47	48	49	50	51	52	53	54	55	56	57	58	59
SRR27320660_1	3.0	5.0	29.0	121.0	373.0	230.0	24.0	151.0	993.0	16038.0	88128.0	346268.0	1418720.0	4438745.0	13091993.0
	20	21	22	23	24	25	26	27	28	29	30	31	32	33	34	35	36	37	38	39	40	41	42	43	44	45	46	47	48	49	50	51	52	53	54	55	56	57	58	59
SRR27320660_1_val_1	85.0	102.0	94.0	107.0	115.0	134.0	185.0	200.0	119.0	138.0	145.0	161.0	161.0	188.0	206.0	182.0	201.0	225.0	266.0	326.0	382.0	456.0	458.0	611.0	630.0	722.0	845.0	1078.0	1693.0	2207.0	2913.0	5405.0	14511.0	43145.0	128954.0	433438.0	1328451.0	3713548.0	7243646.0	6451153.0
	46	47	48	49	50	51	52	53	54	55	56	57	58	59
SRR27320660_2	12.0	43.0	366.0	651.0	423.0	48.0	545.0	2366.0	20428.0	83598.0	382334.0	1379468.0	4778178.0	12753361.0
	20	21	22	23	24	25	26	27	28	29	30	31	32	33	34	35	36	37	38	39	40	41	42	43	44	45	46	47	48	49	50	51	52	53	54	55	56	57	58	59
SRR27320660_2_val_2	736.0	1832.0	498.0	483.0	1109.0	2874.0	777.0	1361.0	555.0	1346.0	567.0	1030.0	1581.0	871.0	654.0	1186.0	2159.0	782.0	1423.0	2103.0	1140.0	1483.0	1836.0	2537.0	2305.0	1689.0	1826.0	2437.0	3046.0	4160.0	4731.0	8060.0	16449.0	46912.0	140361.0	467895.0	1515116.0	3856545.0	7828953.0	5446178.0

